9.99763 150.000
10.01783 123.000
10.03803 131.000
10.05822 124.000
10.07842 135.000
10.09862 132.000
10.11881 114.000
10.13901 98.000
10.15921 130.000
10.17940 149.000
10.19960 124.000
10.21979 134.000
10.23999 142.000
10.26019 142.000
10.28038 131.000
10.30058 113.000
10.32078 123.000
10.34097 134.000
10.36117 120.000
10.38137 137.000
10.40156 111.000
10.42176 136.000
10.44196 156.000
10.46215 111.000
10.48235 145.000
10.50255 147.000
10.52274 142.000
10.54294 137.000
10.56314 110.000
10.58333 119.000
10.60353 137.000
10.62373 145.000
10.64392 123.000
10.66412 110.000
10.68432 122.000
10.70451 128.000
10.72471 130.000
10.74490 135.000
10.76510 119.000
10.78530 153.000
10.80549 139.000
10.82569 121.000
10.84589 121.000
10.86608 125.000
10.88628 126.000
10.90648 119.000
10.92667 118.000
10.94687 129.000
10.96707 127.000
10.98726 119.000
11.00746 102.000
11.02766 136.000
11.04785 130.000
11.06805 124.000
11.08825 113.000
11.10844 143.000
11.12864 123.000
11.14884 142.000
11.16903 111.000
11.18923 118.000
11.20942 138.000
11.22962 147.000
11.24982 116.000
11.27001 119.000
11.29021 149.000
11.31041 125.000
11.33060 125.000
11.35080 126.000
11.37100 112.000
11.39119 119.000
11.41139 123.000
11.43159 124.000
11.45178 121.000
11.47198 127.000
11.49218 126.000
11.51237 152.000
11.53257 127.000
11.55277 137.000
11.57296 123.000
11.59316 113.000
11.61336 112.000
11.63355 122.000
11.65375 115.000
11.67395 149.000
11.69414 123.000
11.71434 111.000
11.73453 106.000
11.75473 125.000
11.77493 121.000
11.79512 100.000
11.81532 149.000
11.83552 112.000
11.85571 143.000
11.87591 100.000
11.89611 117.000
11.91630 127.000
11.93650 98.000
11.95670 104.000
11.97689 121.000
11.99709 134.000
12.01729 129.000
12.03748 121.000
12.05768 120.000
12.07788 129.000
12.09807 150.000
12.11827 144.000
12.13847 122.000
12.15866 121.000
12.17886 110.000
12.19905 117.000
12.21925 142.000
12.23945 140.000
12.25964 85.000
12.27984 137.000
12.30004 118.000
12.32023 135.000
12.34043 131.000
12.36063 125.000
12.38082 103.000
12.40102 134.000
12.42122 139.000
12.44141 116.000
12.46161 119.000
12.48181 126.000
12.50200 121.000
12.52220 132.000
12.54240 114.000
12.56259 142.000
12.58279 115.000
12.60299 117.000
12.62318 103.000
12.64338 121.000
12.66358 129.000
12.68377 153.000
12.70397 159.000
12.72416 204.000
12.74436 225.000
12.76456 258.000
12.78475 386.000
12.80495 500.000
12.82515 740.000
12.84534 744.000
12.86554 644.000
12.88574 422.000
12.90593 279.000
12.92613 201.000
12.94633 145.000
12.96652 137.000
12.98672 126.000
13.00692 142.000
13.02711 131.000
13.04731 135.000
13.06751 118.000
13.08770 115.000
13.10790 121.000
13.12810 108.000
13.14829 128.000
13.16849 101.000
13.18868 128.000
13.20888 106.000
13.22908 130.000
13.24927 130.000
13.26947 119.000
13.28967 104.000
13.30986 103.000
13.33006 127.000
13.35026 125.000
13.37045 122.000
13.39065 113.000
13.41085 97.000
13.43104 120.000
13.45124 100.000
13.47144 107.000
13.49163 111.000
13.51183 105.000
13.53203 125.000
13.55222 117.000
13.57242 115.000
13.59262 118.000
13.61281 119.000
13.63301 109.000
13.65321 121.000
13.67340 128.000
13.69360 126.000
13.71379 93.000
13.73399 127.000
13.75419 123.000
13.77438 129.000
13.79458 100.000
13.81478 130.000
13.83497 118.000
13.85517 107.000
13.87537 121.000
13.89556 101.000
13.91576 107.000
13.93596 121.000
13.95615 117.000
13.97635 129.000
13.99655 134.000
14.01674 125.000
14.03694 111.000
14.05714 123.000
14.07733 114.000
14.09753 115.000
14.11773 115.000
14.13792 115.000
14.15812 114.000
14.17831 129.000
14.19851 119.000
14.21871 131.000
14.23890 111.000
14.25910 127.000
14.27930 111.000
14.29949 100.000
14.31969 114.000
14.33989 101.000
14.36008 117.000
14.38028 108.000
14.40048 119.000
14.42067 126.000
14.44087 106.000
14.46107 126.000
14.48126 143.000
14.50146 146.000
14.52166 135.000
14.54185 134.000
14.56205 167.000
14.58225 172.000
14.60244 204.000
14.62264 151.000
14.64284 176.000
14.66303 127.000
14.68323 111.000
14.70342 113.000
14.72362 98.000
14.74382 125.000
14.76401 125.000
14.78421 105.000
14.80441 114.000
14.82460 117.000
14.84480 116.000
14.86500 109.000
14.88519 127.000
14.90539 100.000
14.92559 112.000
14.94578 109.000
14.96598 114.000
14.98618 108.000
15.00637 123.000
15.02657 105.000
15.04677 122.000
15.06696 132.000
15.08716 120.000
15.10736 103.000
15.12755 111.000
15.14775 119.000
15.16794 104.000
15.18814 119.000
15.20834 119.000
15.22853 90.000
15.24873 117.000
15.26893 95.000
15.28912 111.000
15.30932 105.000
15.32952 120.000
15.34971 103.000
15.36991 98.000
15.39011 100.000
15.41030 116.000
15.43050 118.000
15.45070 118.000
15.47089 112.000
15.49109 94.000
15.51129 132.000
15.53148 140.000
15.55168 132.000
15.57188 99.000
15.59207 131.000
15.61227 99.000
15.63247 127.000
15.65266 123.000
15.67286 102.000
15.69305 134.000
15.71325 121.000
15.73345 111.000
15.75364 99.000
15.77384 116.000
15.79404 96.000
15.81423 87.000
15.83443 114.000
15.85463 100.000
15.87482 108.000
15.89502 112.000
15.91522 119.000
15.93541 106.000
15.95561 105.000
15.97581 111.000
15.99600 114.000
16.01620 102.000
16.03640 122.000
16.05659 112.000
16.07679 130.000
16.09699 96.000
16.11718 90.000
16.13738 131.000
16.15757 103.000
16.17777 116.000
16.19797 108.000
16.21816 135.000
16.23836 102.000
16.25856 100.000
16.27875 99.000
16.29895 111.000
16.31915 103.000
16.33934 103.000
16.35954 118.000
16.37974 110.000
16.39993 102.000
16.42013 113.000
16.44033 99.000
16.46052 110.000
16.48072 115.000
16.50092 115.000
16.52111 107.000
16.54131 118.000
16.56151 83.000
16.58170 118.000
16.60190 94.000
16.62210 108.000
16.64229 122.000
16.66249 106.000
16.68268 112.000
16.70288 113.000
16.72308 97.000
16.74327 118.000
16.76347 110.000
16.78367 115.000
16.80386 100.000
16.82406 97.000
16.84426 109.000
16.86445 109.000
16.88465 121.000
16.90485 124.000
16.92504 105.000
16.94524 92.000
16.96544 110.000
16.98563 108.000
17.00583 96.000
17.02603 94.000
17.04622 93.000
17.06642 112.000
17.08662 105.000
17.10681 117.000
17.12701 119.000
17.14720 130.000
17.16740 106.000
17.18760 112.000
17.20779 96.000
17.22799 131.000
17.24819 104.000
17.26838 120.000
17.28858 123.000
17.30878 103.000
17.32897 85.000
17.34917 118.000
17.36937 90.000
17.38956 112.000
17.40976 118.000
17.42996 122.000
17.45015 122.000
17.47035 121.000
17.49055 96.000
17.51074 108.000
17.53094 103.000
17.55114 96.000
17.57133 127.000
17.59153 115.000
17.61173 123.000
17.63192 108.000
17.65212 100.000
17.67231 94.000
17.69251 112.000
17.71271 113.000
17.73290 114.000
17.75310 126.000
17.77330 105.000
17.79349 127.000
17.81369 97.000
17.83389 123.000
17.85408 105.000
17.87428 122.000
17.89448 118.000
17.91467 102.000
17.93487 113.000
17.95507 111.000
17.97526 97.000
17.99546 100.000
18.01566 116.000
18.03585 97.000
18.05605 132.000
18.07625 96.000
18.09644 98.000
18.11664 102.000
18.13683 121.000
18.15703 111.000
18.17723 102.000
18.19742 110.000
18.21762 104.000
18.23782 109.000
18.25801 112.000
18.27821 127.000
18.29841 116.000
18.31860 93.000
18.33880 121.000
18.35900 98.000
18.37919 108.000
18.39939 114.000
18.41959 107.000
18.43978 107.000
18.45998 107.000
18.48018 115.000
18.50037 108.000
18.52057 121.000
18.54077 116.000
18.56096 114.000
18.58116 105.000
18.60136 111.000
18.62155 141.000
18.64175 102.000
18.66194 90.000
18.68214 119.000
18.70234 106.000
18.72253 98.000
18.74273 94.000
18.76293 91.000
18.78312 147.000
18.80332 120.000
18.82352 87.000
18.84371 117.000
18.86391 103.000
18.88411 114.000
18.90430 122.000
18.92450 109.000
18.94470 108.000
18.96489 98.000
18.98509 99.000
19.00529 125.000
19.02548 120.000
19.04568 108.000
19.06588 109.000
19.08607 112.000
19.10627 103.000
19.12646 105.000
19.14666 109.000
19.16686 110.000
19.18705 115.000
19.20725 118.000
19.22745 121.000
19.24764 110.000
19.26784 95.000
19.28804 109.000
19.30823 115.000
19.32843 93.000
19.34863 107.000
19.36882 107.000
19.38902 93.000
19.40922 123.000
19.42941 100.000
19.44961 107.000
19.46981 109.000
19.49000 102.000
19.51020 104.000
19.53040 119.000
19.55059 98.000
19.57079 120.000
19.59099 128.000
19.61118 121.000
19.63138 132.000
19.65157 125.000
19.67177 102.000
19.69197 111.000
19.71216 94.000
19.73236 117.000
19.75256 126.000
19.77275 103.000
19.79295 110.000
19.81315 119.000
19.83334 104.000
19.85354 115.000
19.87374 100.000
19.89393 91.000
19.91413 93.000
19.93433 114.000
19.95452 122.000
19.97472 115.000
19.99492 115.000
20.01511 103.000
20.03531 116.000
20.05551 113.000
20.07570 123.000
20.09590 113.000
20.11609 96.000
20.13629 101.000
20.15649 104.000
20.17668 107.000
20.19688 135.000
20.21708 98.000
20.23727 98.000
20.25747 123.000
20.27767 112.000
20.29786 84.000
20.31806 105.000
20.33826 114.000
20.35845 102.000
20.37865 109.000
20.39885 111.000
20.41904 86.000
20.43924 144.000
20.45944 118.000
20.47963 113.000
20.49983 98.000
20.52003 89.000
20.54022 95.000
20.56042 91.000
20.58062 103.000
20.60081 111.000
20.62101 109.000
20.64120 103.000
20.66140 100.000
20.68160 114.000
20.70179 140.000
20.72199 92.000
20.74219 133.000
20.76238 130.000
20.78258 97.000
20.80278 119.000
20.82297 110.000
20.84317 108.000
20.86337 102.000
20.88356 106.000
20.90376 94.000
20.92396 126.000
20.94415 109.000
20.96435 106.000
20.98455 88.000
21.00474 108.000
21.02494 119.000
21.04514 129.000
21.06533 103.000
21.08553 94.000
21.10573 118.000
21.12592 119.000
21.14612 113.000
21.16631 97.000
21.18651 99.000
21.20671 117.000
21.22690 126.000
21.24710 119.000
21.26730 116.000
21.28749 110.000
21.30769 110.000
21.32789 111.000
21.34808 115.000
21.36828 100.000
21.38848 122.000
21.40867 101.000
21.42887 110.000
21.44907 110.000
21.46926 122.000
21.48946 104.000
21.50966 119.000
21.52985 116.000
21.55005 99.000
21.57025 103.000
21.59044 120.000
21.61064 114.000
21.63083 115.000
21.65103 113.000
21.67123 119.000
21.69142 104.000
21.71162 121.000
21.73182 116.000
21.75201 113.000
21.77221 105.000
21.79241 127.000
21.81260 131.000
21.83280 96.000
21.85300 116.000
21.87319 114.000
21.89339 130.000
21.91359 113.000
21.93378 114.000
21.95398 116.000
21.97418 116.000
21.99437 117.000
22.01457 147.000
22.03477 115.000
22.05496 94.000
22.07516 106.000
22.09536 106.000
22.11555 99.000
22.13575 106.000
22.15594 112.000
22.17614 140.000
22.19634 89.000
22.21653 92.000
22.23673 119.000
22.25693 103.000
22.27712 121.000
22.29732 141.000
22.31752 125.000
22.33771 99.000
22.35791 124.000
22.37811 129.000
22.39830 115.000
22.41850 119.000
22.43870 122.000
22.45889 121.000
22.47909 100.000
22.49929 107.000
22.51948 112.000
22.53968 125.000
22.55988 100.000
22.58007 109.000
22.60027 119.000
22.62046 112.000
22.64066 122.000
22.66086 113.000
22.68105 110.000
22.70125 117.000
22.72145 112.000
22.74164 111.000
22.76184 98.000
22.78204 106.000
22.80223 117.000
22.82243 124.000
22.84263 119.000
22.86282 118.000
22.88302 119.000
22.90322 132.000
22.92341 121.000
22.94361 118.000
22.96381 108.000
22.98400 132.000
23.00420 162.000
23.02440 155.000
23.04459 187.000
23.06479 201.000
23.08499 204.000
23.10518 227.000
23.12538 274.000
23.14557 271.000
23.16577 231.000
23.18597 204.000
23.20616 187.000
23.22636 172.000
23.24656 127.000
23.26675 119.000
23.28695 107.000
23.30715 111.000
23.32734 129.000
23.34754 119.000
23.36774 128.000
23.38793 110.000
23.40813 132.000
23.42833 128.000
23.44852 111.000
23.46872 130.000
23.48892 109.000
23.50911 125.000
23.52931 113.000
23.54951 124.000
23.56970 117.000
23.58990 125.000
23.61009 118.000
23.63029 150.000
23.65049 148.000
23.67068 109.000
23.69088 106.000
23.71108 107.000
23.73127 108.000
23.75147 109.000
23.77167 104.000
23.79186 108.000
23.81206 121.000
23.83226 94.000
23.85245 100.000
23.87265 132.000
23.89285 118.000
23.91304 105.000
23.93324 119.000
23.95344 136.000
23.97363 122.000
23.99383 118.000
24.01403 108.000
24.03422 120.000
24.05442 132.000
24.07462 120.000
24.09481 124.000
24.11501 132.000
24.13520 108.000
24.15540 109.000
24.17560 126.000
24.19579 117.000
24.21599 122.000
24.23619 123.000
24.25638 117.000
24.27658 103.000
24.29678 107.000
24.31697 107.000
24.33717 105.000
24.35737 114.000
24.37756 112.000
24.39776 98.000
24.41796 105.000
24.43815 123.000
24.45835 107.000
24.47855 107.000
24.49874 111.000
24.51894 113.000
24.53914 149.000
24.55933 135.000
24.57953 129.000
24.59972 129.000
24.61992 106.000
24.64012 146.000
24.66031 150.000
24.68051 117.000
24.70071 132.000
24.72090 120.000
24.74110 128.000
24.76130 137.000
24.78149 144.000
24.80169 143.000
24.82189 119.000
24.84208 116.000
24.86228 158.000
24.88248 109.000
24.90267 149.000
24.92287 146.000
24.94307 131.000
24.96326 116.000
24.98346 144.000
25.00366 130.000
25.02385 142.000
25.04405 142.000
25.06425 138.000
25.08444 123.000
25.10464 156.000
25.12483 149.000
25.14503 179.000
25.16523 186.000
25.18542 205.000
25.20562 234.000
25.22582 252.000
25.24601 335.000
25.26621 378.000
25.28641 638.000
25.30660 1091.000
25.32680 1617.000
25.34700 1833.000
25.36719 1475.000
25.38739 1240.000
25.40759 1065.000
25.42778 770.000
25.44798 385.000
25.46818 266.000
25.48837 205.000
25.50857 183.000
25.52877 169.000
25.54896 189.000
25.56916 150.000
25.58935 172.000
25.60955 158.000
25.62975 222.000
25.64994 274.000
25.67014 387.000
25.69034 454.000
25.71053 453.000
25.73073 400.000
25.75093 351.000
25.77112 322.000
25.79132 267.000
25.81152 210.000
25.83171 126.000
25.85191 153.000
25.87211 143.000
25.89230 143.000
25.91250 147.000
25.93270 138.000
25.95289 121.000
25.97309 134.000
25.99329 146.000
26.01348 142.000
26.03368 139.000
26.05388 127.000
26.07407 145.000
26.09427 143.000
26.11446 127.000
26.13466 124.000
26.15486 119.000
26.17505 137.000
26.19525 138.000
26.21545 133.000
26.23564 134.000
26.25584 138.000
26.27604 127.000
26.29623 115.000
26.31643 132.000
26.33663 117.000
26.35682 118.000
26.37702 128.000
26.39722 131.000
26.41741 118.000
26.43761 120.000
26.45781 152.000
26.47800 137.000
26.49820 141.000
26.51840 124.000
26.53859 154.000
26.55879 140.000
26.57898 151.000
26.59918 155.000
26.61938 157.000
26.63957 180.000
26.65977 160.000
26.67997 211.000
26.70016 275.000
26.72036 369.000
26.74056 461.000
26.76075 479.000
26.78095 392.000
26.80115 370.000
26.82134 394.000
26.84154 419.000
26.86174 405.000
26.88193 490.000
26.90213 447.000
26.92233 370.000
26.94252 330.000
26.96272 307.000
26.98292 240.000
27.00311 196.000
27.02331 149.000
27.04351 136.000
27.06370 153.000
27.08390 148.000
27.10409 154.000
27.12429 143.000
27.14449 144.000
27.16468 148.000
27.18488 134.000
27.20508 143.000
27.22527 117.000
27.24547 145.000
27.26567 149.000
27.28586 146.000
27.30606 150.000
27.32626 152.000
27.34645 138.000
27.36665 140.000
27.38685 147.000
27.40704 141.000
27.42724 167.000
27.44744 163.000
27.46763 186.000
27.48783 207.000
27.50803 186.000
27.52822 248.000
27.54842 303.000
27.56861 352.000
27.58881 480.000
27.60901 726.000
27.62920 946.000
27.64940 1158.000
27.66960 1184.000
27.68979 991.000
27.70999 888.000
27.73019 780.000
27.75038 561.000
27.77058 412.000
27.79078 278.000
27.81097 223.000
27.83117 193.000
27.85137 173.000
27.87156 187.000
27.89176 176.000
27.91196 142.000
27.93215 152.000
27.95235 135.000
27.97255 161.000
27.99274 134.000
28.01294 141.000
28.03314 140.000
28.05333 159.000
28.07353 130.000
28.09372 121.000
28.11392 115.000
28.13412 128.000
28.15431 135.000
28.17451 101.000
28.19471 108.000
28.21490 129.000
28.23510 128.000
28.25530 133.000
28.27549 128.000
28.29569 118.000
28.31589 109.000
28.33608 116.000
28.35628 106.000
28.37648 103.000
28.39667 120.000
28.41687 99.000
28.43707 114.000
28.45726 119.000
28.47746 112.000
28.49766 133.000
28.51785 107.000
28.53805 123.000
28.55824 109.000
28.57844 111.000
28.59864 117.000
28.61883 128.000
28.63903 123.000
28.65923 102.000
28.67942 133.000
28.69962 130.000
28.71982 121.000
28.74001 144.000
28.76021 120.000
28.78041 138.000
28.80060 117.000
28.82080 144.000
28.84100 137.000
28.86119 121.000
28.88139 109.000
28.90159 134.000
28.92178 121.000
28.94198 99.000
28.96218 114.000
28.98237 136.000
29.00257 117.000
29.02277 141.000
29.04296 132.000
29.06316 123.000
29.08335 123.000
29.10355 121.000
29.12375 114.000
29.14394 102.000
29.16414 147.000
29.18434 121.000
29.20453 123.000
29.22473 149.000
29.24493 195.000
29.26512 171.000
29.28532 181.000
29.30552 165.000
29.32571 169.000
29.34591 162.000
29.36611 144.000
29.38630 130.000
29.40650 143.000
29.42670 138.000
29.44689 128.000
29.46709 138.000
29.48729 138.000
29.50748 114.000
29.52768 120.000
29.54787 109.000
29.56807 122.000
29.58827 111.000
29.60846 107.000
29.62866 111.000
29.64886 123.000
29.66905 116.000
29.68925 134.000
29.70945 101.000
29.72964 112.000
29.74984 124.000
29.77004 113.000
29.79023 119.000
29.81043 125.000
29.83063 123.000
29.85082 116.000
29.87102 139.000
29.89122 117.000
29.91141 129.000
29.93161 128.000
29.95181 124.000
29.97200 142.000
29.99220 117.000
30.01240 117.000
30.03259 116.000
30.05279 121.000
30.07298 106.000
30.09318 94.000
30.11338 120.000
30.13357 147.000
30.15377 129.000
30.17397 123.000
30.19416 127.000
30.21436 130.000
30.23456 117.000
30.25475 145.000
30.27495 133.000
30.29515 122.000
30.31534 137.000
30.33554 117.000
30.35574 111.000
30.37593 126.000
30.39613 110.000
30.41633 139.000
30.43652 114.000
30.45672 131.000
30.47692 125.000
30.49711 129.000
30.51731 122.000
30.53750 116.000
30.55770 122.000
30.57790 116.000
30.59809 113.000
30.61829 142.000
30.63849 123.000
30.65868 122.000
30.67888 118.000
30.69908 102.000
30.71927 126.000
30.73947 122.000
30.75967 123.000
30.77986 111.000
30.80006 131.000
30.82026 126.000
30.84045 105.000
30.86065 130.000
30.88085 123.000
30.90104 139.000
30.92124 159.000
30.94144 141.000
30.96163 142.000
30.98183 171.000
31.00203 158.000
31.02222 150.000
31.04242 181.000
31.06261 207.000
31.08281 199.000
31.10301 288.000
31.12320 329.000
31.14340 439.000
31.16360 655.000
31.18379 1158.000
31.20399 1699.000
31.22419 1888.000
31.24438 1405.000
31.26458 1062.000
31.28478 1100.000
31.30497 1013.000
31.32517 697.000
31.34537 396.000
31.36556 254.000
31.38576 208.000
31.40596 186.000
31.42615 202.000
31.44635 152.000
31.46655 176.000
31.48674 160.000
31.50694 143.000
31.52713 138.000
31.54733 143.000
31.56753 149.000
31.58772 139.000
31.60792 130.000
31.62812 128.000
31.64831 127.000
31.66851 146.000
31.68871 143.000
31.70890 129.000
31.72910 122.000
31.74930 161.000
31.76949 124.000
31.78969 134.000
31.80989 166.000
31.83008 186.000
31.85028 188.000
31.87048 273.000
31.89067 312.000
31.91087 230.000
31.93107 222.000
31.95126 231.000
31.97146 215.000
31.99166 170.000
32.01185 143.000
32.03205 135.000
32.05224 132.000
32.07244 142.000
32.09264 137.000
32.11283 131.000
32.13303 126.000
32.15323 115.000
32.17342 134.000
32.19362 130.000
32.21382 121.000
32.23401 116.000
32.25421 127.000
32.27441 119.000
32.29460 120.000
32.31480 115.000
32.33500 141.000
32.35519 122.000
32.37539 131.000
32.39559 115.000
32.41578 135.000
32.43598 121.000
32.45618 113.000
32.47637 122.000
32.49657 118.000
32.51676 126.000
32.53696 130.000
32.55716 126.000
32.57735 126.000
32.59755 120.000
32.61775 120.000
32.63794 111.000
32.65814 125.000
32.67834 127.000
32.69853 107.000
32.71873 146.000
32.73893 122.000
32.75912 115.000
32.77932 112.000
32.79952 126.000
32.81971 123.000
32.83991 106.000
32.86011 128.000
32.88030 93.000
32.90050 126.000
32.92070 115.000
32.94089 124.000
32.96109 107.000
32.98129 102.000
33.00148 98.000
33.02168 109.000
33.04187 111.000
33.06207 123.000
33.08227 109.000
33.10246 109.000
33.12266 100.000
33.14286 120.000
33.16305 124.000
33.18325 100.000
33.20345 110.000
33.22364 115.000
33.24384 125.000
33.26404 123.000
33.28423 117.000
33.30443 100.000
33.32463 113.000
33.34482 121.000
33.36502 126.000
33.38522 115.000
33.40541 113.000
33.42561 109.000
33.44581 117.000
33.46600 108.000
33.48620 108.000
33.50639 86.000
33.52659 121.000
33.54679 126.000
33.56698 110.000
33.58718 119.000
33.60738 105.000
33.62757 113.000
33.64777 141.000
33.66797 129.000
33.68816 92.000
33.70836 136.000
33.72856 125.000
33.74875 128.000
33.76895 129.000
33.78915 150.000
33.80934 174.000
33.82954 198.000
33.84974 274.000
33.86993 389.000
33.89013 466.000
33.91033 532.000
33.93052 422.000
33.95072 354.000
33.97092 350.000
33.99111 367.000
34.01131 275.000
34.03150 176.000
34.05170 153.000
34.07190 142.000
34.09209 129.000
34.11229 127.000
34.13249 131.000
34.15268 137.000
34.17288 112.000
34.19308 136.000
34.21327 118.000
34.23347 104.000
34.25367 129.000
34.27386 113.000
34.29406 118.000
34.31426 100.000
34.33445 101.000
34.35465 123.000
34.37485 123.000
34.39504 131.000
34.41524 118.000
34.43544 151.000
34.45563 113.000
34.47583 120.000
34.49603 123.000
34.51622 132.000
34.53642 126.000
34.55661 128.000
34.57681 129.000
34.59701 133.000
34.61720 135.000
34.63740 105.000
34.65760 136.000
34.67779 144.000
34.69799 118.000
34.71819 137.000
34.73838 138.000
34.75858 152.000
34.77878 115.000
34.79897 118.000
34.81917 133.000
34.83937 141.000
34.85956 164.000
34.87976 146.000
34.89996 168.000
34.92015 172.000
34.94035 192.000
34.96055 182.000
34.98074 191.000
35.00094 203.000
35.02113 196.000
35.04133 223.000
35.06153 241.000
35.08172 223.000
35.10192 225.000
35.12212 272.000
35.14231 288.000
35.16251 341.000
35.18271 451.000
35.20290 407.000
35.22310 316.000
35.24330 282.000
35.26349 285.000
35.28369 289.000
35.30389 223.000
35.32408 206.000
35.34428 156.000
35.36448 151.000
35.38467 122.000
35.40487 128.000
35.42507 111.000
35.44526 121.000
35.46546 125.000
35.48566 144.000
35.50585 127.000
35.52605 143.000
35.54624 114.000
35.56644 124.000
35.58664 123.000
35.60683 114.000
35.62703 111.000
35.64723 123.000
35.66742 120.000
35.68762 102.000
35.70782 94.000
35.72801 112.000
35.74821 128.000
35.76841 115.000
35.78860 108.000
35.80880 115.000
35.82900 108.000
35.84919 134.000
35.86939 120.000
35.88959 125.000
35.90978 151.000
35.92998 151.000
35.95018 143.000
35.97037 182.000
35.99057 240.000
36.01076 302.000
36.03096 340.000
36.05116 313.000
36.07135 238.000
36.09155 211.000
36.11175 216.000
36.13194 246.000
36.15214 176.000
36.17234 135.000
36.19253 109.000
36.21273 118.000
36.23293 118.000
36.25312 120.000
36.27332 127.000
36.29352 111.000
36.31371 89.000
36.33391 111.000
36.35411 115.000
36.37430 115.000
36.39450 110.000
36.41470 137.000
36.43489 114.000
36.45509 128.000
36.47529 104.000
36.49548 111.000
36.51568 129.000
36.53587 107.000
36.55607 108.000
36.57627 133.000
36.59646 120.000
36.61666 128.000
36.63686 112.000
36.65705 126.000
36.67725 121.000
36.69745 100.000
36.71764 123.000
36.73784 120.000
36.75804 127.000
36.77823 123.000
36.79843 113.000
36.81863 114.000
36.83882 119.000
36.85902 117.000
36.87922 105.000
36.89941 110.000
36.91961 121.000
36.93981 103.000
36.96000 117.000
36.98020 119.000
37.00039 117.000
37.02059 112.000
37.04079 121.000
37.06098 130.000
37.08118 114.000
37.10138 127.000
37.12157 127.000
37.14177 130.000
37.16197 146.000
37.18216 142.000
37.20236 123.000
37.22256 134.000
37.24275 116.000
37.26295 115.000
37.28315 110.000
37.30334 126.000
37.32354 98.000
37.34374 117.000
37.36393 93.000
37.38413 98.000
37.40433 114.000
37.42452 103.000
37.44472 84.000
37.46492 118.000
37.48511 114.000
37.50531 121.000
37.52550 95.000
37.54570 101.000
37.56590 117.000
37.58609 122.000
37.60629 114.000
37.62649 110.000
37.64668 116.000
37.66688 124.000
37.68708 97.000
37.70727 117.000
37.72747 96.000
37.74767 107.000
37.76786 111.000
37.78806 136.000
37.80826 128.000
37.82845 101.000
37.84865 107.000
37.86885 122.000
37.88904 123.000
37.90924 125.000
37.92944 122.000
37.94963 150.000
37.96983 134.000
37.99002 104.000
38.01022 134.000
38.03042 123.000
38.05061 124.000
38.07081 132.000
38.09101 114.000
38.11120 149.000
38.13140 140.000
38.15160 149.000
38.17179 186.000
38.19199 188.000
38.21219 207.000
38.23238 245.000
38.25258 276.000
38.27278 341.000
38.29297 429.000
38.31317 606.000
38.33337 864.000
38.35356 945.000
38.37376 836.000
38.39396 624.000
38.41415 582.000
38.43435 596.000
38.45455 613.000
38.47474 463.000
38.49494 354.000
38.51513 259.000
38.53533 201.000
38.55553 171.000
38.57572 171.000
38.59592 163.000
38.61612 153.000
38.63631 137.000
38.65651 133.000
38.67671 143.000
38.69690 144.000
38.71710 148.000
38.73730 139.000
38.75749 134.000
38.77769 130.000
38.79789 152.000
38.81808 152.000
38.83828 158.000
38.85848 217.000
38.87867 272.000
38.89887 316.000
38.91907 328.000
38.93926 225.000
38.95946 224.000
38.97965 206.000
38.99985 230.000
39.02005 181.000
39.04024 152.000
39.06044 153.000
39.08064 149.000
39.10083 145.000
39.12103 99.000
39.14123 123.000
39.16142 123.000
39.18162 128.000
39.20182 114.000
39.22201 117.000
39.24221 119.000
39.26241 120.000
39.28260 108.000
39.30280 134.000
39.32300 114.000
39.34319 123.000
39.36339 99.000
39.38359 129.000
39.40378 99.000
39.42398 120.000
39.44418 125.000
39.46437 110.000
39.48457 112.000
39.50476 89.000
39.52496 116.000
39.54516 94.000
39.56535 111.000
39.58555 109.000
39.60575 120.000
39.62594 140.000
39.64614 120.000
39.66634 102.000
39.68653 95.000
39.70673 109.000
39.72693 105.000
39.74712 104.000
39.76732 109.000
39.78752 103.000
39.80771 143.000
39.82791 113.000
39.84811 94.000
39.86830 110.000
39.88850 123.000
39.90870 122.000
39.92889 138.000
39.94909 118.000
39.96928 120.000
39.98948 103.000
40.00968 119.000
40.02987 123.000
40.05007 98.000
40.07027 118.000
40.09046 131.000
40.11066 98.000
40.13086 139.000
40.15105 132.000
40.17125 110.000
40.19145 113.000
40.21164 139.000
40.23184 123.000
40.25204 115.000
40.27223 125.000
40.29243 123.000
40.31263 163.000
40.33282 157.000
40.35302 140.000
40.37322 151.000
40.39341 185.000
40.41361 192.000
40.43381 204.000
40.45400 212.000
40.47420 251.000
40.49439 279.000
40.51459 303.000
40.53479 293.000
40.55498 275.000
40.57518 267.000
40.59538 247.000
40.61557 250.000
40.63577 208.000
40.65597 199.000
40.67616 192.000
40.69636 167.000
40.71656 150.000
40.73675 159.000
40.75695 144.000
40.77715 142.000
40.79734 132.000
40.81754 136.000
40.83774 113.000
40.85793 126.000
40.87813 125.000
40.89833 120.000
40.91852 131.000
40.93872 130.000
40.95891 120.000
40.97911 114.000
40.99931 147.000
41.01950 129.000
41.03970 108.000
41.05990 132.000
41.08009 121.000
41.10029 126.000
41.12049 122.000
41.14068 98.000
41.16088 106.000
41.18108 105.000
41.20127 112.000
41.22147 117.000
41.24167 109.000
41.26186 135.000
41.28206 104.000
41.30226 120.000
41.32245 141.000
41.34265 123.000
41.36285 119.000
41.38304 112.000
41.40324 103.000
41.42344 107.000
41.44363 109.000
41.46383 103.000
41.48402 102.000
41.50422 96.000
41.52442 125.000
41.54461 108.000
41.56481 108.000
41.58501 107.000
41.60520 100.000
41.62540 112.000
41.64560 124.000
41.66579 112.000
41.68599 113.000
41.70619 125.000
41.72638 114.000
41.74658 115.000
41.76678 96.000
41.78697 126.000
41.80717 113.000
41.82737 129.000
41.84756 125.000
41.86776 113.000
41.88796 114.000
41.90815 128.000
41.92835 100.000
41.94854 119.000
41.96874 116.000
41.98894 115.000
42.00913 103.000
42.02933 120.000
42.04953 124.000
42.06972 115.000
42.08992 104.000
42.11012 114.000
42.13031 120.000
42.15051 111.000
42.17071 122.000
42.19090 121.000
42.21110 103.000
42.23130 107.000
42.25149 97.000
42.27169 120.000
42.29189 120.000
42.31208 109.000
42.33228 115.000
42.35248 111.000
42.37267 106.000
42.39287 110.000
42.41307 119.000
42.43326 104.000
42.45346 131.000
42.47365 115.000
42.49385 122.000
42.51405 118.000
42.53424 118.000
42.55444 116.000
42.57464 103.000
42.59483 125.000
42.61503 105.000
42.63523 126.000
42.65542 106.000
42.67562 105.000
42.69582 112.000
42.71601 124.000
42.73621 112.000
42.75641 117.000
42.77660 121.000
42.79680 120.000
42.81700 112.000
42.83719 116.000
42.85739 100.000
42.87759 118.000
42.89778 116.000
42.91798 107.000
42.93817 116.000
42.95837 136.000
42.97857 126.000
42.99876 137.000
43.01896 118.000
43.03916 106.000
43.05935 151.000
43.07955 143.000
43.09975 132.000
43.11994 121.000
43.14014 136.000
43.16034 127.000
43.18053 167.000
43.20073 182.000
43.22093 161.000
43.24112 156.000
43.26132 162.000
43.28152 203.000
43.30171 234.000
43.32191 266.000
43.34211 296.000
43.36230 455.000
43.38250 474.000
43.40270 552.000
43.42289 489.000
43.44309 462.000
43.46328 387.000
43.48348 405.000
43.50368 427.000
43.52387 407.000
43.54407 315.000
43.56427 277.000
43.58446 275.000
43.60466 254.000
43.62486 203.000
43.64505 233.000
43.66525 222.000
43.68545 212.000
43.70564 286.000
43.72584 352.000
43.74604 491.000
43.76623 659.000
43.78643 636.000
43.80663 492.000
43.82682 389.000
43.84702 313.000
43.86722 385.000
43.88741 432.000
43.90761 372.000
43.92780 266.000
43.94800 203.000
43.96820 182.000
43.98839 157.000
44.00859 155.000
44.02879 125.000
44.04898 153.000
44.06918 153.000
44.08938 171.000
44.10957 157.000
44.12977 160.000
44.14997 159.000
44.17016 155.000
44.19036 172.000
44.21056 187.000
44.23075 204.000
44.25095 256.000
44.27115 296.000
44.29134 459.000
44.31154 601.000
44.33174 680.000
44.35193 498.000
44.37213 329.000
44.39233 309.000
44.41252 377.000
44.43272 436.000
44.45291 456.000
44.47311 399.000
44.49331 323.000
44.51350 315.000
44.53370 251.000
44.55390 280.000
44.57409 308.000
44.59429 301.000
44.61449 366.000
44.63468 421.000
44.65488 526.000
44.67508 771.000
44.69527 1221.000
44.71547 1608.000
44.73567 1456.000
44.75586 1044.000
44.77606 736.000
44.79626 701.000
44.81645 859.000
44.83665 951.000
44.85685 764.000
44.87704 535.000
44.89724 476.000
44.91743 359.000
44.93763 454.000
44.95783 548.000
44.97802 764.000
44.99822 781.000
45.01842 577.000
45.03861 400.000
45.05881 402.000
45.07901 397.000
45.09920 486.000
45.11940 466.000
45.13960 317.000
45.15979 235.000
45.17999 214.000
45.20019 182.000
45.22038 174.000
45.24058 152.000
45.26078 142.000
45.28097 155.000
45.30117 153.000
45.32137 144.000
45.34156 152.000
45.36176 140.000
45.38196 149.000
45.40215 144.000
45.42235 161.000
45.44254 174.000
45.46274 208.000
45.48294 236.000
45.50313 208.000
45.52333 228.000
45.54353 209.000
45.56372 194.000
45.58392 151.000
45.60412 198.000
45.62431 192.000
45.64451 174.000
45.66471 180.000
45.68490 173.000
45.70510 160.000
45.72530 152.000
45.74549 155.000
45.76569 181.000
45.78589 177.000
45.80608 232.000
45.82628 258.000
45.84648 240.000
45.86667 226.000
45.88687 216.000
45.90706 198.000
45.92726 189.000
45.94746 180.000
45.96765 223.000
45.98785 225.000
46.00805 192.000
46.02824 192.000
46.04844 184.000
46.06864 175.000
46.08883 151.000
46.10903 136.000
46.12923 133.000
46.14942 127.000
46.16962 136.000
46.18982 121.000
46.21001 117.000
46.23021 129.000
46.25041 135.000
46.27060 146.000
46.29080 136.000
46.31100 154.000
46.33119 138.000
46.35139 104.000
46.37159 109.000
46.39178 120.000
46.41198 112.000
46.43217 127.000
46.45237 124.000
46.47257 137.000
46.49276 112.000
46.51296 127.000
46.53316 127.000
46.55335 121.000
46.57355 113.000
46.59375 118.000
46.61394 111.000
46.63414 119.000
46.65434 125.000
46.67453 125.000
46.69473 127.000
46.71493 121.000
46.73512 127.000
46.75532 120.000
46.77552 119.000
46.79571 102.000
46.81591 118.000
46.83611 100.000
46.85630 121.000
46.87650 131.000
46.89669 99.000
46.91689 117.000
46.93709 105.000
46.95728 107.000
46.97748 121.000
46.99768 113.000
47.01787 115.000
47.03807 123.000
47.05827 135.000
47.07846 123.000
47.09866 141.000
47.11886 134.000
47.13905 114.000
47.15925 124.000
47.17945 128.000
47.19964 122.000
47.21984 109.000
47.24004 120.000
47.26023 121.000
47.28043 113.000
47.30063 130.000
47.32082 124.000
47.34102 86.000
47.36122 108.000
47.38141 111.000
47.40161 116.000
47.42180 91.000
47.44200 107.000
47.46220 101.000
47.48239 119.000
47.50259 102.000
47.52279 112.000
47.54298 122.000
47.56318 101.000
47.58338 114.000
47.60357 107.000
47.62377 127.000
47.64397 98.000
47.66416 98.000
47.68436 107.000
47.70456 104.000
47.72475 101.000
47.74495 111.000
47.76515 116.000
47.78534 119.000
47.80554 95.000
47.82574 111.000
47.84593 107.000
47.86613 106.000
47.88633 104.000
47.90652 113.000
47.92672 84.000
47.94691 117.000
47.96711 94.000
47.98731 102.000
48.00750 104.000
48.02770 115.000
48.04790 115.000
48.06809 94.000
48.08829 80.000
48.10849 122.000
48.12868 109.000
48.14888 108.000
48.16908 113.000
48.18927 95.000
48.20947 127.000
48.22967 102.000
48.24986 115.000
48.27006 113.000
48.29026 118.000
48.31045 117.000
48.33065 108.000
48.35085 123.000
48.37104 110.000
48.39124 128.000
48.41143 123.000
48.43163 108.000
48.45183 117.000
48.47202 101.000
48.49222 125.000
48.51242 110.000
48.53261 122.000
48.55281 112.000
48.57301 112.000
48.59320 96.000
48.61340 97.000
48.63360 107.000
48.65379 131.000
48.67399 106.000
48.69419 143.000
48.71438 126.000
48.73458 117.000
48.75478 130.000
48.77497 163.000
48.79517 175.000
48.81537 184.000
48.83556 162.000
48.85576 121.000
48.87596 137.000
48.89615 118.000
48.91635 122.000
48.93654 122.000
48.95674 118.000
48.97694 117.000
48.99713 111.000
49.01733 125.000
49.03753 113.000
49.05772 91.000
49.07792 121.000
49.09812 109.000
49.11831 115.000
49.13851 109.000
49.15871 117.000
49.17890 107.000
49.19910 111.000
49.21930 99.000
49.23949 118.000
49.25969 118.000
49.27989 83.000
49.30008 102.000
49.32028 122.000
49.34048 107.000
49.36067 133.000
49.38087 118.000
49.40106 108.000
49.42126 122.000
49.44146 125.000
49.46165 119.000
49.48185 147.000
49.50205 112.000
49.52224 130.000
49.54244 120.000
49.56264 135.000
49.58283 140.000
49.60303 140.000
49.62323 175.000
49.64342 168.000
49.66362 173.000
49.68382 220.000
49.70401 207.000
49.72421 215.000
49.74441 239.000
49.76460 203.000
49.78480 160.000
49.80500 188.000
49.82519 161.000
49.84539 178.000
49.86559 180.000
49.88578 175.000
49.90598 136.000
49.92617 130.000
49.94637 116.000
49.96657 129.000
49.98676 118.000
50.00696 129.000
50.02716 108.000
50.04735 118.000
50.06755 131.000
50.08775 126.000
50.10794 137.000
50.12814 117.000
50.14834 104.000
50.16853 113.000
50.18873 116.000
50.20893 111.000
50.22912 136.000
50.24932 140.000
50.26952 176.000
50.28971 181.000
50.30991 154.000
50.33011 144.000
50.35030 153.000
50.37050 177.000
50.39069 167.000
50.41089 159.000
50.43109 179.000
50.45128 174.000
50.47148 196.000
50.49168 220.000
50.51187 239.000
50.53207 240.000
50.55227 209.000
50.57246 188.000
50.59266 152.000
50.61286 166.000
50.63305 177.000
50.65325 174.000
50.67345 187.000
50.69364 180.000
50.71384 150.000
50.73404 142.000
50.75423 104.000
50.77443 135.000
50.79463 113.000
50.81482 136.000
50.83502 133.000
50.85522 117.000
50.87541 117.000
50.89561 124.000
50.91580 123.000
50.93600 93.000
50.95620 112.000
50.97639 116.000
50.99659 101.000
51.01679 116.000
51.03698 114.000
51.05718 108.000
51.07738 106.000
51.09757 103.000
51.11777 108.000
51.13797 115.000
51.15816 101.000
51.17836 124.000
51.19856 125.000
51.21875 115.000
51.23895 142.000
51.25915 110.000
51.27934 125.000
51.29954 125.000
51.31974 150.000
51.33993 130.000
51.36013 133.000
51.38032 144.000
51.40052 130.000
51.42072 145.000
51.44091 136.000
51.46111 128.000
51.48131 131.000
51.50150 142.000
51.52170 127.000
51.54190 123.000
51.56209 105.000
51.58229 120.000
51.60249 117.000
51.62268 109.000
51.64288 113.000
51.66308 129.000
51.68327 104.000
51.70347 107.000
51.72367 104.000
51.74386 124.000
51.76406 123.000
51.78426 113.000
51.80445 114.000
51.82465 130.000
51.84485 132.000
51.86504 157.000
51.88524 192.000
51.90543 208.000
51.92563 146.000
51.94583 127.000
51.96602 139.000
51.98622 116.000
52.00642 168.000
52.02661 179.000
52.04681 157.000
52.06701 154.000
52.08720 124.000
52.10740 125.000
52.12760 101.000
52.14779 111.000
52.16799 126.000
52.18819 118.000
52.20838 106.000
52.22858 92.000
52.24878 116.000
52.26897 118.000
52.28917 115.000
52.30937 94.000
52.32956 121.000
52.34976 127.000
52.36995 112.000
52.39015 125.000
52.41035 110.000
52.43054 122.000
52.45074 129.000
52.47094 105.000
52.49113 121.000
52.51133 113.000
52.53153 116.000
52.55172 112.000
52.57192 132.000
52.59212 139.000
52.61231 120.000
52.63251 161.000
52.65271 186.000
52.67290 194.000
52.69310 193.000
52.71330 167.000
52.73349 157.000
52.75369 152.000
52.77389 127.000
52.79408 186.000
52.81428 147.000
52.83448 127.000
52.85467 135.000
52.87487 130.000
52.89506 121.000
52.91526 117.000
52.93546 122.000
52.95565 114.000
52.97585 122.000
52.99605 114.000
53.01624 88.000
53.03644 113.000
53.05664 105.000
53.07683 115.000
53.09703 101.000
53.11723 100.000
53.13742 100.000
53.15762 114.000
53.17782 95.000
53.19801 107.000
53.21821 118.000
53.23841 107.000
53.25860 118.000
53.27880 111.000
53.29900 95.000
53.31919 125.000
53.33939 126.000
53.35958 100.000
53.37978 118.000
53.39998 122.000
53.42017 106.000
53.44037 128.000
53.46057 106.000
53.48076 136.000
53.50096 140.000
53.52116 120.000
53.54135 149.000
53.56155 156.000
53.58175 166.000
53.60194 162.000
53.62214 144.000
53.64234 138.000
53.66253 122.000
53.68273 141.000
53.70293 175.000
53.72312 158.000
53.74332 186.000
53.76352 153.000
53.78371 167.000
53.80391 144.000
53.82411 158.000
53.84430 170.000
53.86450 161.000
53.88469 150.000
53.90489 134.000
53.92509 159.000
53.94528 129.000
53.96548 141.000
53.98568 159.000
54.00587 168.000
54.02607 128.000
54.04627 104.000
54.06646 123.000
54.08666 122.000
54.10686 115.000
54.12705 113.000
54.14725 114.000
54.16745 121.000
54.18764 104.000
54.20784 99.000
54.22804 110.000
54.24823 91.000
54.26843 99.000
54.28863 109.000
54.30882 103.000
54.32902 118.000
54.34921 109.000
54.36941 113.000
54.38961 76.000
54.40980 108.000
54.43000 102.000
54.45020 118.000
54.47039 102.000
54.49059 100.000
54.51079 97.000
54.53098 115.000
54.55118 101.000
54.57138 89.000
54.59157 88.000
54.61177 103.000
54.63197 93.000
54.65216 107.000
54.67236 104.000
54.69256 108.000
54.71275 113.000
54.73295 102.000
54.75315 104.000
54.77334 102.000
54.79354 116.000
54.81374 114.000
54.83393 119.000
54.85413 118.000
54.87432 105.000
54.89452 124.000
54.91472 128.000
54.93491 127.000
54.95511 143.000
54.97531 154.000
54.99550 171.000
55.01570 182.000
55.03590 183.000
55.05609 210.000
55.07629 241.000
55.09649 308.000
55.11668 418.000
55.13688 565.000
55.15708 627.000
55.17727 472.000
55.19747 359.000
55.21767 281.000
55.23786 240.000
55.25806 264.000
55.27826 371.000
55.29845 380.000
55.31865 324.000
55.33884 257.000
55.35904 197.000
55.37924 178.000
55.39943 128.000
55.41963 151.000
55.43983 105.000
55.46002 120.000
55.48022 115.000
55.50042 118.000
55.52061 135.000
55.54081 103.000
55.56101 114.000
55.58120 98.000
55.60140 146.000
55.62160 89.000
55.64179 111.000
55.66199 117.000
55.68219 106.000
55.70238 107.000
55.72258 125.000
55.74278 103.000
55.76297 119.000
55.78317 101.000
55.80337 93.000
55.82356 108.000
55.84376 109.000
55.86395 102.000
55.88415 104.000
55.90435 106.000
55.92454 122.000
55.94474 97.000
55.96494 91.000
55.98513 122.000
56.00533 121.000
56.02553 117.000
56.04572 100.000
56.06592 110.000
56.08612 105.000
56.10631 94.000
56.12651 110.000
56.14671 116.000
56.16690 109.000
56.18710 95.000
56.20730 96.000
56.22749 119.000
56.24769 106.000
56.26789 112.000
56.28808 105.000
56.30828 114.000
56.32847 96.000
56.34867 106.000
56.36887 96.000
56.38906 104.000
56.40926 107.000
56.42946 103.000
56.44965 103.000
56.46985 107.000
56.49005 99.000
56.51024 118.000
56.53044 109.000
56.55064 113.000
56.57083 106.000
56.59103 104.000
56.61123 114.000
56.63142 105.000
56.65162 134.000
56.67182 115.000
56.69201 112.000
56.71221 111.000
56.73241 114.000
56.75260 102.000
56.77280 122.000
56.79300 112.000
56.81319 117.000
56.83339 130.000
56.85358 140.000
56.87378 128.000
56.89398 132.000
56.91417 146.000
56.93437 155.000
56.95457 174.000
56.97476 168.000
56.99496 167.000
57.01516 125.000
57.03535 158.000
57.05555 133.000
57.07575 152.000
57.09594 162.000
57.11614 163.000
57.13634 133.000
57.15653 143.000
57.17673 117.000
57.19693 114.000
57.21712 119.000
57.23732 120.000
57.25752 103.000
57.27771 112.000
57.29791 87.000
57.31810 126.000
57.33830 92.000
57.35850 93.000
57.37869 100.000
57.39889 112.000
57.41909 115.000
57.43928 111.000
57.45948 101.000
57.47968 107.000
57.49987 111.000
57.52007 108.000
57.54027 126.000
57.56046 109.000
57.58066 103.000
57.60086 109.000
57.62105 124.000
57.64125 110.000
57.66145 117.000
57.68164 118.000
57.70184 110.000
57.72204 97.000
57.74223 112.000
57.76243 122.000
57.78263 109.000
57.80282 127.000
57.82302 108.000
57.84321 111.000
57.86341 112.000
57.88361 102.000
57.90380 108.000
57.92400 104.000
57.94420 117.000
57.96439 88.000
57.98459 111.000
58.00479 103.000
58.02498 107.000
58.04518 127.000
58.06538 116.000
58.08557 105.000
58.10577 118.000
58.12597 124.000
58.14616 111.000
58.16636 103.000
58.18656 115.000
58.20675 109.000
58.22695 118.000
58.24715 115.000
58.26734 106.000
58.28754 112.000
58.30773 129.000
58.32793 129.000
58.34813 107.000
58.36832 121.000
58.38852 115.000
58.40872 116.000
58.42891 126.000
58.44911 138.000
58.46931 131.000
58.48950 144.000
58.50970 154.000
58.52990 179.000
58.55009 223.000
58.57029 259.000
58.59049 248.000
58.61068 209.000
58.63088 187.000
58.65108 164.000
58.67127 148.000
58.69147 168.000
58.71167 198.000
58.73186 193.000
58.75206 202.000
58.77226 158.000
58.79245 158.000
58.81265 137.000
58.83284 123.000
58.85304 122.000
58.87324 127.000
58.89343 114.000
58.91363 122.000
58.93383 141.000
58.95402 125.000
58.97422 125.000
58.99442 125.000
59.01461 105.000
59.03481 104.000
59.05501 114.000
59.07520 93.000
59.09540 113.000
59.11560 116.000
59.13579 116.000
59.15599 106.000
59.17619 113.000
59.19638 117.000
59.21658 105.000
59.23678 113.000
59.25697 97.000
59.27717 116.000
59.29736 118.000
59.31756 94.000
59.33776 93.000
59.35795 94.000
59.37815 107.000
59.39835 107.000
59.41854 112.000
59.43874 113.000
59.45894 121.000
59.47913 110.000
59.49933 108.000
59.51953 103.000
59.53972 114.000
59.55992 112.000
59.58012 110.000
59.60031 105.000
59.62051 94.000
59.64071 117.000
59.66090 133.000
59.68110 106.000
59.70130 97.000
59.72149 132.000
59.74169 103.000
59.76189 114.000
59.78208 93.000
59.80228 111.000
59.82247 111.000
59.84267 121.000
59.86287 113.000
59.88306 86.000
59.90326 120.000
59.92346 102.000
59.94365 113.000
59.96385 121.000
59.98405 109.000
60.00424 99.000
60.02444 119.000
60.04464 105.000
60.06483 107.000
60.08503 110.000
60.10523 114.000
60.12542 144.000
60.14562 129.000
60.16582 144.000
60.18601 123.000
60.20621 152.000
60.22641 134.000
60.24660 124.000
60.26680 132.000
60.28699 124.000
60.30719 135.000
60.32739 144.000
60.34758 190.000
60.36778 186.000
60.38798 164.000
60.40817 165.000
60.42837 142.000
60.44857 138.000
60.46876 146.000
60.48896 135.000
60.50916 148.000
60.52935 172.000
60.54955 177.000
60.56975 188.000
60.58994 150.000
60.61014 143.000
60.63034 120.000
60.65053 128.000
60.67073 143.000
60.69093 110.000
60.71112 134.000
60.73132 138.000
60.75152 161.000
60.77171 145.000
60.79191 157.000
60.81210 175.000
60.83230 208.000
60.85250 257.000
60.87269 260.000
60.89289 207.000
60.91309 172.000
60.93328 176.000
60.95348 159.000
60.97368 157.000
60.99387 156.000
61.01407 159.000
61.03427 180.000
61.05446 146.000
61.07466 141.000
61.09486 118.000
61.11505 117.000
61.13525 129.000
61.15545 130.000
61.17564 105.000
61.19584 114.000
61.21604 113.000
61.23623 110.000
61.25643 94.000
61.27663 102.000
61.29682 105.000
61.31702 91.000
61.33721 87.000
61.35741 92.000
61.37761 104.000
61.39780 122.000
61.41800 120.000
61.43820 129.000
61.45839 100.000
61.47859 109.000
61.49879 107.000
61.51898 104.000
61.53918 98.000
61.55938 108.000
61.57957 116.000
61.59977 100.000
61.61997 110.000
61.64016 123.000
61.66036 105.000
61.68056 110.000
61.70075 95.000
61.72095 108.000
61.74115 85.000
61.76134 102.000
61.78154 117.000
61.80173 95.000
61.82193 108.000
61.84213 111.000
61.86232 99.000
61.88252 95.000
61.90272 96.000
61.92291 128.000
61.94311 100.000
61.96331 98.000
61.98350 105.000
62.00370 98.000
62.02390 110.000
62.04409 100.000
62.06429 100.000
62.08449 95.000
62.10468 86.000
62.12488 94.000
62.14508 111.000
62.16527 96.000
62.18547 108.000
62.20567 109.000
62.22586 100.000
62.24606 116.000
62.26626 116.000
62.28645 99.000
62.30665 107.000
62.32684 103.000
62.34704 98.000
62.36724 113.000
62.38743 112.000
62.40763 103.000
62.42783 105.000
62.44802 105.000
62.46822 94.000
62.48842 91.000
62.50861 103.000
62.52881 102.000
62.54901 101.000
62.56920 135.000
62.58940 124.000
62.60960 116.000
62.62979 110.000
62.64999 115.000
62.67019 129.000
62.69038 112.000
62.71058 98.000
62.73078 117.000
62.75097 138.000
62.77117 123.000
62.79136 134.000
62.81156 129.000
62.83176 156.000
62.85195 163.000
62.87215 151.000
62.89235 169.000
62.91254 173.000
62.93274 147.000
62.95294 137.000
62.97313 151.000
62.99333 136.000
63.01353 155.000
63.03372 147.000
63.05392 157.000
63.07412 131.000
63.09431 134.000
63.11451 136.000
63.13471 101.000
63.15490 137.000
63.17510 111.000
63.19530 114.000
63.21549 111.000
63.23569 106.000
63.25589 107.000
63.27608 98.000
63.29628 109.000
63.31647 82.000
63.33667 122.000
63.35687 88.000
63.37706 108.000
63.39726 97.000
63.41746 117.000
63.43765 116.000
63.45785 117.000
63.47805 109.000
63.49824 94.000
63.51844 93.000
63.53864 95.000
63.55883 106.000
63.57903 119.000
63.59923 123.000
63.61942 139.000
63.63962 121.000
63.65982 120.000
63.68001 136.000
63.70021 123.000
63.72041 121.000
63.74060 105.000
63.76080 134.000
63.78099 128.000
63.80119 143.000
63.82139 137.000
63.84158 119.000
63.86178 146.000
63.88198 150.000
63.90217 125.000
63.92237 123.000
63.94257 124.000
63.96276 123.000
63.98296 124.000
64.00316 130.000
64.02335 134.000
64.04355 123.000
64.06375 122.000
64.08394 129.000
64.10414 112.000
64.12434 132.000
64.14453 103.000
64.16473 121.000
64.18493 122.000
64.20512 113.000
64.22532 114.000
64.24552 104.000
64.26571 113.000
64.28591 81.000
64.30610 115.000
64.32630 111.000
64.34650 105.000
64.36669 109.000
64.38689 111.000
64.40709 107.000
64.42728 120.000
64.44748 109.000
64.46768 104.000
64.48787 106.000
64.50807 104.000
64.52827 117.000
64.54846 107.000
64.56866 111.000
64.58886 122.000
64.60905 122.000
64.62925 137.000
64.64945 130.000
64.66964 136.000
64.68984 126.000
64.71004 161.000
64.73023 152.000
64.75043 197.000
64.77062 229.000
64.79082 248.000
64.81102 273.000
64.83121 198.000
64.85141 159.000
64.87161 163.000
64.89180 145.000
64.91200 147.000
64.93220 169.000
64.95239 229.000
64.97259 230.000
64.99279 209.000
65.01298 146.000
65.03318 155.000
65.05338 134.000
65.07357 100.000
65.09377 122.000
65.11397 140.000
65.13416 140.000
65.15436 139.000
65.17456 129.000
65.19475 150.000
65.21495 137.000
65.23515 110.000
65.25534 115.000
65.27554 120.000
65.29573 126.000
65.31593 120.000
65.33613 141.000
65.35632 173.000
65.37652 175.000
65.39672 188.000
65.41691 220.000
65.43711 213.000
65.45731 200.000
65.47750 175.000
65.49770 161.000
65.51790 164.000
65.53809 154.000
65.55829 140.000
65.57849 149.000
65.59868 182.000
65.61888 179.000
65.63908 169.000
65.65927 175.000
65.67947 140.000
65.69967 151.000
65.71986 143.000
65.74006 162.000
65.76025 157.000
65.78045 130.000
65.80065 145.000
65.82084 138.000
65.84104 145.000
65.86124 142.000
65.88143 140.000
65.90163 165.000
65.92183 156.000
65.94202 143.000
65.96222 168.000
65.98242 154.000
66.00261 158.000
66.02281 163.000
66.04301 134.000
66.06320 129.000
66.08340 125.000
66.10360 143.000
66.12379 129.000
66.14399 149.000
66.16419 147.000
66.18438 119.000
66.20458 129.000
66.22478 132.000
66.24497 111.000
66.26517 128.000
66.28536 109.000
66.30556 116.000
66.32576 111.000
66.34595 110.000
66.36615 109.000
66.38635 125.000
66.40654 129.000
66.42674 109.000
66.44694 145.000
66.46713 135.000
66.48733 144.000
66.50753 159.000
66.52772 140.000
66.54792 128.000
66.56812 137.000
66.58831 155.000
66.60851 144.000
66.62871 133.000
66.64890 152.000
66.66910 128.000
66.68930 119.000
66.70949 148.000
66.72969 130.000
66.74988 130.000
66.77008 133.000
66.79028 119.000
66.81047 122.000
66.83067 129.000
66.85087 114.000
66.87106 105.000
66.89126 107.000
66.91146 99.000
66.93165 109.000
66.95185 97.000
66.97205 109.000
66.99224 117.000
67.01244 110.000
67.03264 102.000
67.05283 106.000
67.07303 122.000
67.09323 98.000
67.11342 101.000
67.13362 117.000
67.15382 114.000
67.17401 129.000
67.19421 107.000
67.21441 118.000
67.23460 110.000
67.25480 109.000
67.27499 122.000
67.29519 137.000
67.31539 131.000
67.33558 119.000
67.35578 129.000
67.37598 120.000
67.39617 124.000
67.41637 106.000
67.43657 102.000
67.45676 133.000
67.47696 111.000
67.49716 135.000
67.51735 105.000
67.53755 147.000
67.55775 120.000
67.57794 112.000
67.59814 105.000
67.61834 108.000
67.63853 126.000
67.65873 109.000
67.67893 124.000
67.69912 151.000
67.71932 138.000
67.73951 145.000
67.75971 149.000
67.77991 142.000
67.80010 145.000
67.82030 134.000
67.84050 155.000
67.86069 145.000
67.88089 158.000
67.90109 160.000
67.92128 143.000
67.94148 156.000
67.96168 159.000
67.98187 181.000
68.00207 161.000
68.02227 138.000
68.04246 127.000
68.06266 125.000
68.08286 135.000
68.10305 125.000
68.12325 133.000
68.14345 117.000
68.16364 157.000
68.18384 140.000
68.20404 129.000
68.22423 131.000
68.24443 113.000
68.26462 112.000
68.28482 113.000
68.30502 100.000
68.32521 124.000
68.34541 126.000
68.36561 109.000
68.38580 118.000
68.40600 102.000
68.42620 93.000
68.44639 101.000
68.46659 94.000
68.48679 106.000
68.50698 129.000
68.52718 112.000
68.54738 102.000
68.56757 96.000
68.58777 111.000
68.60797 101.000
68.62816 118.000
68.64836 101.000
68.66856 95.000
68.68875 115.000
68.70895 113.000
68.72914 103.000
68.74934 139.000
68.76954 97.000
68.78973 106.000
68.80993 107.000
68.83013 123.000
68.85032 119.000
68.87052 105.000
68.89072 119.000
68.91091 94.000
68.93111 107.000
68.95131 96.000
68.97150 92.000
68.99170 110.000
69.01190 121.000
69.03209 117.000
69.05229 101.000
69.07249 110.000
69.09268 115.000
69.11288 109.000
69.13308 111.000
69.15327 114.000
69.17347 104.000
69.19367 108.000
69.21386 124.000
69.23406 115.000
69.25425 123.000
69.27445 101.000
69.29465 115.000
69.31484 134.000
69.33504 134.000
69.35524 139.000
69.37543 158.000
69.39563 140.000
69.41583 128.000
69.43602 119.000
69.45622 144.000
69.47642 117.000
69.49661 131.000
69.51681 123.000
69.53701 141.000
69.55720 119.000
69.57740 133.000
69.59760 116.000
69.61779 131.000
69.63799 123.000
69.65819 134.000
69.67838 109.000
69.69858 118.000
69.71877 120.000
69.73897 112.000
69.75917 115.000
69.77936 122.000
69.79956 95.000
69.81976 105.000
69.83995 123.000
69.86015 110.000
69.88035 119.000
69.90054 119.000
69.92074 128.000
69.94094 120.000
69.96113 110.000
69.98133 123.000
70.00153 117.000
70.02172 134.000
70.04192 120.000
70.06212 118.000
70.08231 113.000
70.10251 124.000
70.12271 143.000
70.14290 142.000
70.16310 132.000
70.18330 115.000
70.20349 149.000
70.22369 134.000
70.24388 133.000
70.26408 139.000
70.28428 141.000
70.30447 161.000
70.32467 181.000
70.34487 191.000
70.36506 165.000
70.38526 173.000
70.40546 149.000
70.42565 143.000
70.44585 123.000
70.46605 138.000
70.48624 112.000
70.50644 141.000
70.52664 147.000
70.54683 142.000
70.56703 168.000
70.58723 148.000
70.60742 131.000
70.62762 120.000
70.64782 126.000
70.66801 118.000
70.68821 102.000
70.70840 98.000
70.72860 112.000
70.74880 107.000
70.76899 95.000
70.78919 102.000
70.80939 120.000
70.82958 118.000
70.84978 121.000
70.86998 94.000
70.89017 120.000
70.91037 134.000
70.93057 110.000
70.95076 100.000
70.97096 117.000
70.99116 105.000
71.01135 114.000
71.03155 111.000
71.05175 125.000
71.07194 127.000
71.09214 102.000
71.11234 124.000
71.13253 135.000
71.15273 158.000
71.17293 173.000
71.19312 151.000
71.21332 149.000
71.23351 142.000
71.25371 127.000
71.27391 126.000
71.29410 121.000
71.31430 119.000
71.33450 130.000
71.35469 132.000
71.37489 156.000
71.39509 141.000
71.41528 130.000
71.43548 118.000
71.45568 99.000
71.47587 109.000
71.49607 115.000
71.51627 113.000
71.53646 104.000
71.55666 123.000
71.57686 91.000
71.59705 105.000
71.61725 99.000
71.63745 106.000
71.65764 113.000
71.67784 91.000
71.69803 105.000
71.71823 111.000
71.73843 101.000
71.75862 101.000
71.77882 121.000
71.79902 114.000
71.81921 102.000
71.83941 100.000
71.85961 116.000
71.87980 109.000
71.90000 102.000
71.92020 105.000
71.94039 122.000
71.96059 114.000
71.98079 111.000
72.00098 121.000
72.02118 135.000
72.04138 139.000
72.06157 132.000
72.08177 127.000
72.10197 112.000
72.12216 133.000
72.14236 142.000
72.16256 134.000
72.18275 124.000
72.20295 103.000
72.22314 142.000
72.24334 133.000
72.26354 127.000
72.28373 113.000
72.30393 104.000
72.32413 122.000
72.34432 122.000
72.36452 140.000
72.38472 140.000
72.40491 113.000
72.42511 118.000
72.44531 117.000
72.46550 125.000
72.48570 131.000
72.50590 133.000
72.52609 145.000
72.54629 142.000
72.56649 128.000
72.58668 112.000
72.60688 125.000
72.62708 122.000
72.64727 119.000
72.66747 141.000
72.68766 144.000
72.70786 138.000
72.72806 138.000
72.74825 132.000
72.76845 143.000
72.78865 126.000
72.80884 125.000
72.82904 110.000
72.84924 100.000
72.86943 125.000
72.88963 93.000
72.90983 94.000
72.93002 129.000
72.95022 96.000
72.97042 110.000
72.99061 109.000
73.01081 109.000
73.03101 118.000
73.05120 115.000
73.07140 98.000
73.09160 112.000
73.11179 111.000
73.13199 99.000
73.15219 119.000
73.17238 107.000
73.19258 97.000
73.21277 109.000
73.23297 103.000
73.25317 93.000
73.27336 122.000
73.29356 118.000
73.31376 98.000
73.33395 137.000
73.35415 123.000
73.37435 122.000
73.39454 101.000
73.41474 97.000
73.43494 109.000
73.45513 106.000
73.47533 100.000
73.49553 110.000
73.51572 126.000
73.53592 124.000
73.55612 133.000
73.57631 120.000
73.59651 131.000
73.61671 129.000
73.63690 108.000
73.65710 119.000
73.67729 120.000
73.69749 121.000
73.71769 90.000
73.73788 112.000
73.75808 104.000
73.77828 116.000
73.79847 111.000
73.81867 129.000
73.83887 103.000
73.85906 113.000
73.87926 111.000
73.89946 132.000
73.91965 118.000
73.93985 136.000
73.96005 126.000
73.98024 114.000
74.00044 134.000
74.02064 122.000
74.04083 141.000
74.06103 138.000
74.08123 148.000
74.10142 153.000
74.12162 135.000
74.14182 162.000
74.16201 155.000
74.18221 166.000
74.20240 161.000
74.22260 176.000
74.24280 155.000
74.26299 161.000
74.28319 148.000
74.30339 136.000
74.32358 122.000
74.34378 146.000
74.36398 183.000
74.38417 160.000
74.40437 145.000
74.42457 134.000
74.44476 152.000
74.46496 137.000
74.48516 147.000
74.50535 139.000
74.52555 138.000
74.54575 164.000
74.56594 170.000
74.58614 170.000
74.60634 168.000
74.62653 164.000
74.64673 148.000
74.66693 138.000
74.68712 131.000
74.70732 140.000
74.72751 142.000
74.74771 135.000
74.76791 166.000
74.78810 164.000
74.80830 162.000
74.82850 126.000
74.84869 141.000
74.86889 121.000
74.88909 112.000
74.90928 105.000
74.92948 114.000
74.94968 115.000
74.96987 114.000
74.99007 117.000
75.01027 108.000
75.03046 107.000
75.05066 100.000
75.07086 126.000
75.09105 90.000
75.11125 121.000
75.13145 111.000
75.15164 105.000
75.17184 111.000
75.19203 114.000
75.21223 117.000
75.23243 97.000
75.25262 102.000
75.27282 128.000
75.29302 143.000
75.31321 98.000
75.33341 110.000
75.35361 118.000
75.37380 114.000
75.39400 130.000
75.41420 130.000
75.43439 129.000
75.45459 116.000
75.47479 121.000
75.49498 133.000
75.51518 109.000
75.53538 125.000
75.55557 119.000
75.57577 140.000
75.59597 118.000
75.61616 123.000
75.63636 117.000
75.65656 116.000
75.67675 116.000
75.69695 114.000
75.71714 123.000
75.73734 131.000
75.75754 121.000
75.77773 98.000
75.79793 123.000
75.81813 109.000
75.83832 121.000
75.85852 126.000
75.87872 122.000
75.89891 126.000
75.91911 135.000
75.93931 112.000
75.95950 96.000
75.97970 125.000
75.99990 127.000
76.02009 123.000
76.04029 143.000
76.06049 135.000
76.08068 130.000
76.10088 116.000
76.12108 127.000
76.14127 146.000
76.16147 119.000
76.18166 157.000
76.20186 188.000
76.22206 203.000
76.24225 223.000
76.26245 205.000
76.28265 188.000
76.30284 158.000
76.32304 153.000
76.34324 152.000
76.36343 136.000
76.38363 115.000
76.40383 139.000
76.42402 149.000
76.44422 166.000
76.46442 153.000
76.48461 156.000
76.50481 151.000
76.52501 146.000
76.54520 134.000
76.56540 134.000
76.58560 132.000
76.60579 129.000
76.62599 154.000
76.64619 165.000
76.66638 180.000
76.68658 226.000
76.70677 250.000
76.72697 238.000
76.74717 221.000
76.76736 195.000
76.78756 149.000
76.80776 159.000
76.82795 164.000
76.84815 143.000
76.86835 133.000
76.88854 138.000
76.90874 170.000
76.92894 173.000
76.94913 171.000
76.96933 155.000
76.98953 134.000
77.00972 128.000
77.02992 131.000
77.05012 118.000
77.07031 120.000
77.09051 107.000
77.11071 116.000
77.13090 126.000
77.15110 106.000
77.17129 110.000
77.19149 101.000
77.21169 114.000
77.23188 132.000
77.25208 126.000
77.27228 109.000
77.29247 125.000
77.31267 115.000
77.33287 114.000
77.35306 124.000
77.37326 129.000
77.39346 110.000
77.41365 150.000
77.43385 163.000
77.45405 161.000
77.47424 161.000
77.49444 152.000
77.51464 138.000
77.53483 133.000
77.55503 115.000
77.57523 133.000
77.59542 115.000
77.61562 127.000
77.63582 124.000
77.65601 123.000
77.67621 137.000
77.69640 133.000
77.71660 134.000
77.73680 109.000
77.75699 105.000
77.77719 133.000
77.79739 120.000
77.81758 106.000
77.83778 113.000
77.85798 113.000
77.87817 96.000
77.89837 113.000
77.91857 112.000
77.93876 114.000
77.95896 122.000
77.97916 123.000
77.99935 109.000
78.01955 109.000
78.03975 121.000
78.05994 122.000
78.08014 126.000
78.10034 119.000
78.12053 124.000
78.14073 125.000
78.16092 146.000
78.18112 142.000
78.20132 180.000
78.22151 159.000
78.24171 212.000
78.26191 218.000
78.28210 201.000
78.30230 178.000
78.32250 158.000
78.34269 142.000
78.36289 137.000
78.38309 132.000
78.40328 144.000
78.42348 125.000
78.44368 137.000
78.46387 133.000
78.48407 133.000
78.50427 163.000
78.52446 137.000
78.54466 135.000
78.56486 148.000
78.58505 127.000
78.60525 132.000
78.62545 117.000
78.64564 126.000
78.66584 136.000
78.68603 150.000
78.70623 152.000
78.72643 182.000
78.74662 175.000
78.76682 189.000
78.78702 150.000
78.80721 144.000
78.82741 149.000
78.84761 139.000
78.86780 156.000
78.88800 137.000
78.90820 151.000
78.92839 130.000
78.94859 115.000
78.96879 156.000
78.98898 130.000
79.00918 138.000
79.02938 124.000
79.04957 132.000
79.06977 141.000
79.08997 145.000
79.11016 107.000
79.13036 120.000
79.15055 126.000
79.17075 108.000
79.19095 101.000
79.21114 110.000
79.23134 102.000
79.25154 120.000
79.27173 115.000
79.29193 120.000
79.31213 96.000
79.33232 121.000
79.35252 99.000
79.37272 117.000
79.39291 101.000
79.41311 122.000
79.43331 123.000
79.45350 113.000
79.47370 126.000
79.49390 120.000
79.51409 114.000
79.53429 113.000
79.55449 123.000
79.57468 110.000
79.59488 113.000
79.61508 113.000
79.63527 123.000
79.65547 119.000
79.67566 110.000
79.69586 94.000
79.71606 122.000
79.73625 116.000
79.75645 111.000
79.77665 101.000
79.79684 115.000
79.81704 95.000
79.83724 127.000
79.85743 131.000
79.87763 115.000
79.89783 94.000
79.91802 102.000
79.93822 105.000
79.95842 94.000
79.97861 105.000
79.99881 117.000
80.01901 89.000
80.03920 113.000
80.05940 104.000
80.07960 104.000
80.09979 99.000
80.11999 110.000
80.14018 107.000
80.16038 114.000
80.18058 97.000
80.20077 101.000
80.22097 125.000
80.24117 102.000
80.26136 100.000
80.28156 123.000
80.30176 106.000
80.32195 101.000
80.34215 122.000
80.36235 99.000
80.38254 100.000
80.40274 131.000
80.42294 119.000
80.44313 102.000
80.46333 114.000
80.48353 120.000
80.50372 104.000
80.52392 110.000
80.54412 100.000
80.56431 117.000
80.58451 85.000
80.60471 108.000
80.62490 115.000
80.64510 114.000
80.66529 109.000
80.68549 97.000
80.70569 122.000
80.72588 112.000
80.74608 99.000
80.76628 98.000
80.78647 105.000
80.80667 113.000
80.82687 102.000
80.84706 119.000
80.86726 101.000
80.88746 111.000
80.90765 108.000
80.92785 109.000
80.94805 117.000
80.96824 123.000
80.98844 119.000
81.00864 84.000
81.02883 113.000
81.04903 84.000
81.06923 91.000
81.08942 101.000
81.10962 103.000
81.12981 105.000
81.15001 113.000
81.17021 98.000
81.19040 106.000
81.21060 126.000
81.23080 115.000
81.25099 101.000
81.27119 110.000
81.29139 109.000
81.31158 96.000
81.33178 96.000
81.35198 113.000
81.37217 109.000
81.39237 133.000
81.41257 105.000
81.43276 109.000
81.45296 125.000
81.47316 109.000
81.49335 130.000
81.51355 131.000
81.53375 125.000
81.55394 127.000
81.57414 151.000
81.59434 131.000
81.61453 144.000
81.63473 158.000
81.65492 160.000
81.67512 174.000
81.69532 186.000
81.71551 186.000
81.73571 249.000
81.75591 244.000
81.77610 230.000
81.79630 210.000
81.81650 192.000
81.83669 183.000
81.85689 160.000
81.87709 174.000
81.89728 212.000
81.91748 204.000
81.93768 240.000
81.95787 272.000
81.97807 248.000
81.99827 258.000
82.01846 227.000
82.03866 218.000
82.05886 188.000
82.07905 151.000
82.09925 178.000
82.11944 162.000
82.13964 173.000
82.15984 186.000
82.18003 173.000
82.20023 168.000
82.22043 183.000
82.24062 149.000
82.26082 149.000
82.28102 149.000
82.30121 159.000
82.32141 150.000
82.34161 149.000
82.36180 131.000
82.38200 134.000
82.40220 133.000
82.42239 130.000
82.44259 114.000
82.46279 149.000
82.48298 146.000
82.50318 112.000
82.52338 135.000
82.54357 132.000
82.56377 129.000
82.58397 140.000
82.60416 160.000
82.62436 135.000
82.64455 144.000
82.66475 140.000
82.68495 135.000
82.70514 134.000
82.72534 135.000
82.74554 155.000
82.76573 151.000
82.78593 146.000
82.80613 144.000
82.82632 157.000
82.84652 124.000
82.86672 140.000
82.88691 134.000
82.90711 117.000
82.92731 127.000
82.94750 110.000
82.96770 135.000
82.98790 119.000
83.00809 134.000
83.02829 126.000
83.04849 101.000
83.06868 130.000
83.08888 132.000
83.10907 124.000
83.12927 138.000
83.14947 147.000
83.16966 129.000
83.18986 128.000
83.21006 152.000
83.23025 139.000
83.25045 131.000
83.27065 156.000
83.29084 158.000
83.31104 140.000
83.33124 141.000
83.35143 124.000
83.37163 133.000
83.39183 138.000
83.41202 158.000
83.43222 137.000
83.45242 159.000
83.47261 165.000
83.49281 157.000
83.51301 155.000
83.53320 178.000
83.55340 147.000
83.57360 126.000
83.59379 126.000
83.61399 136.000
83.63418 113.000
83.65438 125.000
83.67458 148.000
83.69477 125.000
83.71497 120.000
83.73517 127.000
83.75536 120.000
83.77556 98.000
83.79576 118.000
83.81595 127.000
83.83615 113.000
83.85635 101.000
83.87654 109.000
83.89674 109.000
83.91694 112.000
83.93713 106.000
83.95733 113.000
83.97753 109.000
83.99772 119.000
84.01792 104.000
84.03812 117.000
84.05831 121.000
84.07851 108.000
84.09870 134.000
84.11890 107.000
84.13910 137.000
84.15929 135.000
84.17949 101.000
84.19969 112.000
84.21988 105.000
84.24008 115.000
84.26028 104.000
84.28047 112.000
84.30067 122.000
84.32087 106.000
84.34106 106.000
84.36126 115.000
84.38146 104.000
84.40165 122.000
84.42185 107.000
84.44205 100.000
84.46224 86.000
84.48244 104.000
84.50264 101.000
84.52283 122.000
84.54303 115.000
84.56323 104.000
84.58342 102.000
84.60362 103.000
84.62381 102.000
84.64401 113.000
84.66421 104.000
84.68440 108.000
84.70460 95.000
84.72480 115.000
84.74499 117.000
84.76519 104.000
84.78539 86.000
84.80558 114.000
84.82578 103.000
84.84598 100.000
84.86617 110.000
84.88637 106.000
84.90657 121.000
84.92676 93.000
84.94696 122.000
84.96716 125.000
84.98735 117.000
85.00755 120.000
85.02775 120.000
85.04794 107.000
85.06814 96.000
85.08833 100.000
85.10853 124.000
85.12873 104.000
85.14892 95.000
85.16912 119.000
85.18932 103.000
85.20951 104.000
85.22971 106.000
85.24991 116.000
85.27010 98.000
85.29030 117.000
85.31050 110.000
85.33069 95.000
85.35089 103.000
85.37109 104.000
85.39128 104.000
85.41148 115.000
85.43168 109.000
85.45187 111.000
85.47207 98.000
85.49227 116.000
85.51246 104.000
85.53266 110.000
85.55286 104.000
85.57305 95.000
85.59325 127.000
85.61344 109.000
85.63364 111.000
85.65384 121.000
85.67403 119.000
85.69423 134.000
85.71443 109.000
85.73462 122.000
85.75482 130.000
85.77502 119.000
85.79521 111.000
85.81541 108.000
85.83561 125.000
85.85580 113.000
85.87600 134.000
85.89620 102.000
85.91639 123.000
85.93659 92.000
85.95679 110.000
85.97698 113.000
85.99718 115.000
86.01738 106.000
86.03757 117.000
86.05777 100.000
86.07796 107.000
86.09816 112.000
86.11836 114.000
86.13855 113.000
86.15875 112.000
86.17895 117.000
86.19914 101.000
86.21934 107.000
86.23954 104.000
86.25973 104.000
86.27993 111.000
86.30013 108.000
86.32032 108.000
86.34052 104.000
86.36072 110.000
86.38091 104.000
86.40111 99.000
86.42131 108.000
86.44150 108.000
86.46170 106.000
86.48190 88.000
86.50209 133.000
86.52229 103.000
86.54249 113.000
86.56268 113.000
86.58288 130.000
86.60307 105.000
86.62327 95.000
86.64347 122.000
86.66366 104.000
86.68386 113.000
86.70406 145.000
86.72425 116.000
86.74445 130.000
86.76465 128.000
86.78484 135.000
86.80504 120.000
86.82524 101.000
86.84543 104.000
86.86563 124.000
86.88583 122.000
86.90602 123.000
86.92622 127.000
86.94642 118.000
86.96661 110.000
86.98681 111.000
87.00701 123.000
87.02720 124.000
87.04740 120.000
87.06759 108.000
87.08779 125.000
87.10799 124.000
87.12818 113.000
87.14838 106.000
87.16858 113.000
87.18877 122.000
87.20897 110.000
87.22917 120.000
87.24936 119.000
87.26956 115.000
87.28976 132.000
87.30995 112.000
87.33015 119.000
87.35035 136.000
87.37054 131.000
87.39074 137.000
87.41094 133.000
87.43113 152.000
87.45133 149.000
87.47153 168.000
87.49172 137.000
87.51192 123.000
87.53212 132.000
87.55231 109.000
87.57251 114.000
87.59270 125.000
87.61290 122.000
87.63310 117.000
87.65329 132.000
87.67349 112.000
87.69369 136.000
87.71388 138.000
87.73408 129.000
87.75428 132.000
87.77447 104.000
87.79467 103.000
87.81487 95.000
87.83506 105.000
87.85526 127.000
87.87546 106.000
87.89565 111.000
87.91585 115.000
87.93605 114.000
87.95624 118.000
87.97644 109.000
87.99664 138.000
88.01683 108.000
88.03703 109.000
88.05723 110.000
88.07742 123.000
88.09762 113.000
88.11781 115.000
88.13801 98.000
88.15821 112.000
88.17840 105.000
88.19860 110.000
88.21880 116.000
88.23899 100.000
88.25919 89.000
88.27939 112.000
88.29958 104.000
88.31978 109.000
88.33998 116.000
88.36017 122.000
88.38037 116.000
88.40057 105.000
88.42076 101.000
88.44096 93.000
88.46116 96.000
88.48135 107.000
88.50155 97.000
88.52175 97.000
88.54194 96.000
88.56214 105.000
88.58233 114.000
88.60253 123.000
88.62273 112.000
88.64292 104.000
88.66312 85.000
88.68332 105.000
88.70351 114.000
88.72371 105.000
88.74391 124.000
88.76410 106.000
88.78430 112.000
88.80450 109.000
88.82469 105.000
88.84489 124.000
88.86509 108.000
88.88528 114.000
88.90548 117.000
88.92568 126.000
88.94587 114.000
88.96607 110.000
88.98627 139.000
89.00646 135.000
89.02666 129.000
89.04686 123.000
89.06705 124.000
89.08725 125.000
89.10744 107.000
89.12764 123.000
89.14784 114.000
89.16803 100.000
89.18823 123.000
89.20843 93.000
89.22862 108.000
89.24882 134.000
89.26902 101.000
89.28921 120.000
89.30941 111.000
89.32961 123.000
89.34980 111.000
89.37000 124.000
89.39020 111.000
89.41039 129.000
89.43059 121.000
89.45079 105.000
89.47098 107.000
89.49118 114.000
89.51138 107.000
89.53157 111.000
89.55177 114.000
89.57196 112.000
89.59216 124.000
89.61236 129.000
89.63255 104.000
89.65275 134.000
89.67295 107.000
89.69314 113.000
89.71334 116.000
89.73354 110.000
89.75373 114.000
89.77393 112.000
89.79413 120.000
89.81432 126.000
89.83452 117.000
89.85472 127.000
89.87491 134.000
89.89511 113.000
89.91531 124.000
89.93550 138.000
89.95570 133.000
89.97590 158.000
89.99609 143.000
