9.99763 58.000
10.01783 60.000
10.03803 56.000
10.05822 55.000
10.07842 59.000
10.09862 56.000
10.11881 51.000
10.13901 61.000
10.15921 48.000
10.17940 61.000
10.19960 50.000
10.21979 51.000
10.23999 52.000
10.26019 63.000
10.28038 53.000
10.30058 62.000
10.32078 56.000
10.34097 53.000
10.36117 65.000
10.38137 44.000
10.40156 51.000
10.42176 59.000
10.44196 37.000
10.46215 64.000
10.48235 59.000
10.50255 63.000
10.52274 38.000
10.54294 53.000
10.56314 61.000
10.58333 38.000
10.60353 58.000
10.62373 57.000
10.64392 58.000
10.66412 37.000
10.68432 60.000
10.70451 62.000
10.72471 43.000
10.74490 67.000
10.76510 52.000
10.78530 62.000
10.80549 48.000
10.82569 49.000
10.84589 55.000
10.86608 48.000
10.88628 51.000
10.90648 64.000
10.92667 58.000
10.94687 50.000
10.96707 54.000
10.98726 55.000
11.00746 64.000
11.02766 45.000
11.04785 63.000
11.06805 49.000
11.08825 62.000
11.10844 53.000
11.12864 46.000
11.14884 50.000
11.16903 52.000
11.18923 57.000
11.20942 49.000
11.22962 53.000
11.24982 48.000
11.27001 40.000
11.29021 47.000
11.31041 49.000
11.33060 47.000
11.35080 38.000
11.37100 65.000
11.39119 44.000
11.41139 36.000
11.43159 55.000
11.45178 44.000
11.47198 49.000
11.49218 54.000
11.51237 50.000
11.53257 57.000
11.55277 44.000
11.57296 47.000
11.59316 47.000
11.61336 51.000
11.63355 36.000
11.65375 47.000
11.67395 55.000
11.69414 45.000
11.71434 48.000
11.73453 45.000
11.75473 45.000
11.77493 56.000
11.79512 50.000
11.81532 45.000
11.83552 48.000
11.85571 38.000
11.87591 54.000
11.89611 52.000
11.91630 41.000
11.93650 47.000
11.95670 54.000
11.97689 51.000
11.99709 56.000
12.01729 42.000
12.03748 45.000
12.05768 40.000
12.07788 45.000
12.09807 58.000
12.11827 46.000
12.13847 59.000
12.15866 41.000
12.17886 38.000
12.19905 45.000
12.21925 42.000
12.23945 43.000
12.25964 51.000
12.27984 44.000
12.30004 59.000
12.32023 43.000
12.34043 60.000
12.36063 48.000
12.38082 49.000
12.40102 33.000
12.42122 44.000
12.44141 42.000
12.46161 41.000
12.48181 64.000
12.50200 32.000
12.52220 49.000
12.54240 44.000
12.56259 42.000
12.58279 54.000
12.60299 43.000
12.62318 52.000
12.64338 43.000
12.66358 63.000
12.68377 39.000
12.70397 55.000
12.72416 62.000
12.74436 44.000
12.76456 45.000
12.78475 61.000
12.80495 53.000
12.82515 47.000
12.84534 67.000
12.86554 45.000
12.88574 53.000
12.90593 48.000
12.92613 50.000
12.94633 50.000
12.96652 48.000
12.98672 42.000
13.00692 61.000
13.02711 50.000
13.04731 49.000
13.06751 53.000
13.08770 52.000
13.10790 60.000
13.12810 53.000
13.14829 59.000
13.16849 61.000
13.18868 54.000
13.20888 54.000
13.22908 48.000
13.24927 42.000
13.26947 61.000
13.28967 54.000
13.30986 52.000
13.33006 52.000
13.35026 43.000
13.37045 70.000
13.39065 49.000
13.41085 55.000
13.43104 43.000
13.45124 46.000
13.47144 55.000
13.49163 56.000
13.51183 50.000
13.53203 62.000
13.55222 45.000
13.57242 50.000
13.59262 43.000
13.61281 53.000
13.63301 53.000
13.65321 46.000
13.67340 50.000
13.69360 53.000
13.71379 53.000
13.73399 48.000
13.75419 40.000
13.77438 43.000
13.79458 45.000
13.81478 55.000
13.83497 66.000
13.85517 52.000
13.87537 58.000
13.89556 42.000
13.91576 55.000
13.93596 50.000
13.95615 58.000
13.97635 46.000
13.99655 54.000
14.01674 51.000
14.03694 42.000
14.05714 50.000
14.07733 42.000
14.09753 54.000
14.11773 53.000
14.13792 53.000
14.15812 55.000
14.17831 48.000
14.19851 52.000
14.21871 53.000
14.23890 43.000
14.25910 46.000
14.27930 62.000
14.29949 57.000
14.31969 41.000
14.33989 44.000
14.36008 42.000
14.38028 46.000
14.40048 44.000
14.42067 57.000
14.44087 43.000
14.46107 38.000
14.48126 47.000
14.50146 59.000
14.52166 56.000
14.54185 63.000
14.56205 39.000
14.58225 46.000
14.60244 42.000
14.62264 45.000
14.64284 50.000
14.66303 49.000
14.68323 69.000
14.70342 53.000
14.72362 49.000
14.74382 48.000
14.76401 48.000
14.78421 57.000
14.80441 57.000
14.82460 49.000
14.84480 46.000
14.86500 53.000
14.88519 63.000
14.90539 49.000
14.92559 62.000
14.94578 56.000
14.96598 58.000
14.98618 51.000
15.00637 56.000
15.02657 37.000
15.04677 56.000
15.06696 51.000
15.08716 49.000
15.10736 42.000
15.12755 58.000
15.14775 48.000
15.16794 42.000
15.18814 63.000
15.20834 43.000
15.22853 51.000
15.24873 46.000
15.26893 62.000
15.28912 61.000
15.30932 69.000
15.32952 71.000
15.34971 77.000
15.36991 71.000
15.39011 76.000
15.41030 96.000
15.43050 94.000
15.45070 93.000
15.47089 75.000
15.49109 69.000
15.51129 83.000
15.53148 73.000
15.55168 61.000
15.57188 51.000
15.59207 62.000
15.61227 51.000
15.63247 53.000
15.65266 61.000
15.67286 58.000
15.69305 72.000
15.71325 51.000
15.73345 63.000
15.75364 52.000
15.77384 71.000
15.79404 61.000
15.81423 60.000
15.83443 61.000
15.85463 47.000
15.87482 40.000
15.89502 57.000
15.91522 59.000
15.93541 40.000
15.95561 47.000
15.97581 59.000
15.99600 59.000
16.01620 72.000
16.03640 75.000
16.05659 57.000
16.07679 51.000
16.09699 50.000
16.11718 60.000
16.13738 62.000
16.15757 48.000
16.17777 54.000
16.19797 48.000
16.21816 66.000
16.23836 52.000
16.25856 60.000
16.27875 63.000
16.29895 50.000
16.31915 64.000
16.33934 58.000
16.35954 52.000
16.37974 74.000
16.39993 64.000
16.42013 54.000
16.44033 63.000
16.46052 52.000
16.48072 46.000
16.50092 52.000
16.52111 69.000
16.54131 59.000
16.56151 65.000
16.58170 64.000
16.60190 51.000
16.62210 64.000
16.64229 61.000
16.66249 64.000
16.68268 57.000
16.70288 55.000
16.72308 47.000
16.74327 61.000
16.76347 55.000
16.78367 68.000
16.80386 58.000
16.82406 61.000
16.84426 66.000
16.86445 52.000
16.88465 67.000
16.90485 57.000
16.92504 52.000
16.94524 67.000
16.96544 52.000
16.98563 52.000
17.00583 65.000
17.02603 50.000
17.04622 56.000
17.06642 69.000
17.08662 63.000
17.10681 53.000
17.12701 65.000
17.14720 55.000
17.16740 55.000
17.18760 55.000
17.20779 64.000
17.22799 66.000
17.24819 64.000
17.26838 69.000
17.28858 66.000
17.30878 57.000
17.32897 59.000
17.34917 55.000
17.36937 51.000
17.38956 58.000
17.40976 68.000
17.42996 60.000
17.45015 55.000
17.47035 61.000
17.49055 54.000
17.51074 57.000
17.53094 72.000
17.55114 47.000
17.57133 68.000
17.59153 55.000
17.61173 71.000
17.63192 53.000
17.65212 69.000
17.67231 60.000
17.69251 57.000
17.71271 66.000
17.73290 64.000
17.75310 70.000
17.77330 66.000
17.79349 58.000
17.81369 58.000
17.83389 51.000
17.85408 71.000
17.87428 66.000
17.89448 58.000
17.91467 65.000
17.93487 52.000
17.95507 61.000
17.97526 76.000
17.99546 56.000
18.01566 61.000
18.03585 61.000
18.05605 59.000
18.07625 68.000
18.09644 57.000
18.11664 62.000
18.13683 54.000
18.15703 60.000
18.17723 52.000
18.19742 56.000
18.21762 61.000
18.23782 67.000
18.25801 73.000
18.27821 55.000
18.29841 62.000
18.31860 64.000
18.33880 67.000
18.35900 68.000
18.37919 50.000
18.39939 62.000
18.41959 62.000
18.43978 47.000
18.45998 55.000
18.48018 49.000
18.50037 64.000
18.52057 73.000
18.54077 51.000
18.56096 59.000
18.58116 45.000
18.60136 60.000
18.62155 72.000
18.64175 54.000
18.66194 59.000
18.68214 65.000
18.70234 60.000
18.72253 62.000
18.74273 66.000
18.76293 70.000
18.78312 70.000
18.80332 76.000
18.82352 81.000
18.84371 62.000
18.86391 59.000
18.88411 70.000
18.90430 59.000
18.92450 64.000
18.94470 62.000
18.96489 78.000
18.98509 72.000
19.00529 58.000
19.02548 64.000
19.04568 67.000
19.06588 75.000
19.08607 63.000
19.10627 59.000
19.12646 74.000
19.14666 70.000
19.16686 69.000
19.18705 64.000
19.20725 66.000
19.22745 80.000
19.24764 90.000
19.26784 69.000
19.28804 65.000
19.30823 73.000
19.32843 62.000
19.34863 77.000
19.36882 67.000
19.38902 76.000
19.40922 67.000
19.42941 66.000
19.44961 71.000
19.46981 77.000
19.49000 66.000
19.51020 62.000
19.53040 62.000
19.55059 48.000
19.57079 78.000
19.59099 72.000
19.61118 80.000
19.63138 64.000
19.65157 79.000
19.67177 73.000
19.69197 73.000
19.71216 61.000
19.73236 62.000
19.75256 59.000
19.77275 61.000
19.79295 79.000
19.81315 78.000
19.83334 68.000
19.85354 66.000
19.87374 70.000
19.89393 65.000
19.91413 78.000
19.93433 67.000
19.95452 74.000
19.97472 72.000
19.99492 83.000
20.01511 60.000
20.03531 63.000
20.05551 75.000
20.07570 81.000
20.09590 62.000
20.11609 69.000
20.13629 59.000
20.15649 74.000
20.17668 78.000
20.19688 68.000
20.21708 62.000
20.23727 85.000
20.25747 87.000
20.27767 69.000
20.29786 86.000
20.31806 76.000
20.33826 71.000
20.35845 72.000
20.37865 85.000
20.39885 70.000
20.41904 80.000
20.43924 78.000
20.45944 68.000
20.47963 76.000
20.49983 78.000
20.52003 85.000
20.54022 65.000
20.56042 76.000
20.58062 88.000
20.60081 77.000
20.62101 93.000
20.64120 71.000
20.66140 61.000
20.68160 68.000
20.70179 60.000
20.72199 58.000
20.74219 80.000
20.76238 74.000
20.78258 70.000
20.80278 73.000
20.82297 70.000
20.84317 70.000
20.86337 55.000
20.88356 62.000
20.90376 74.000
20.92396 68.000
20.94415 79.000
20.96435 73.000
20.98455 76.000
21.00474 72.000
21.02494 79.000
21.04514 69.000
21.06533 83.000
21.08553 68.000
21.10573 49.000
21.12592 72.000
21.14612 67.000
21.16631 83.000
21.18651 70.000
21.20671 74.000
21.22690 77.000
21.24710 86.000
21.26730 49.000
21.28749 68.000
21.30769 87.000
21.32789 74.000
21.34808 72.000
21.36828 91.000
21.38848 59.000
21.40867 78.000
21.42887 86.000
21.44907 82.000
21.46926 90.000
21.48946 90.000
21.50966 78.000
21.52985 80.000
21.55005 101.000
21.57025 82.000
21.59044 86.000
21.61064 77.000
21.63083 88.000
21.65103 78.000
21.67123 78.000
21.69142 71.000
21.71162 74.000
21.73182 63.000
21.75201 73.000
21.77221 87.000
21.79241 93.000
21.81260 78.000
21.83280 104.000
21.85300 77.000
21.87319 72.000
21.89339 95.000
21.91359 67.000
21.93378 84.000
21.95398 80.000
21.97418 89.000
21.99437 83.000
22.01457 91.000
22.03477 80.000
22.05496 81.000
22.07516 98.000
22.09536 66.000
22.11555 89.000
22.13575 98.000
22.15594 90.000
22.17614 77.000
22.19634 70.000
22.21653 80.000
22.23673 65.000
22.25693 62.000
22.27712 76.000
22.29732 94.000
22.31752 83.000
22.33771 81.000
22.35791 78.000
22.37811 80.000
22.39830 100.000
22.41850 77.000
22.43870 82.000
22.45889 80.000
22.47909 79.000
22.49929 77.000
22.51948 93.000
22.53968 71.000
22.55988 78.000
22.58007 83.000
22.60027 78.000
22.62046 60.000
22.64066 66.000
22.66086 75.000
22.68105 81.000
22.70125 74.000
22.72145 78.000
22.74164 80.000
22.76184 83.000
22.78204 82.000
22.80223 93.000
22.82243 98.000
22.84263 79.000
22.86282 74.000
22.88302 95.000
22.90322 86.000
22.92341 71.000
22.94361 114.000
22.96381 84.000
22.98400 84.000
23.00420 76.000
23.02440 78.000
23.04459 102.000
23.06479 82.000
23.08499 74.000
23.10518 68.000
23.12538 83.000
23.14557 66.000
23.16577 64.000
23.18597 90.000
23.20616 99.000
23.22636 89.000
23.24656 95.000
23.26675 85.000
23.28695 77.000
23.30715 79.000
23.32734 94.000
23.34754 69.000
23.36774 82.000
23.38793 84.000
23.40813 87.000
23.42833 74.000
23.44852 71.000
23.46872 102.000
23.48892 97.000
23.50911 87.000
23.52931 87.000
23.54951 84.000
23.56970 90.000
23.58990 83.000
23.61009 76.000
23.63029 80.000
23.65049 68.000
23.67068 96.000
23.69088 77.000
23.71108 90.000
23.73127 91.000
23.75147 74.000
23.77167 104.000
23.79186 95.000
23.81206 86.000
23.83226 93.000
23.85245 86.000
23.87265 90.000
23.89285 97.000
23.91304 92.000
23.93324 93.000
23.95344 103.000
23.97363 88.000
23.99383 103.000
24.01403 103.000
24.03422 88.000
24.05442 82.000
24.07462 79.000
24.09481 99.000
24.11501 96.000
24.13520 76.000
24.15540 85.000
24.17560 73.000
24.19579 100.000
24.21599 88.000
24.23619 67.000
24.25638 80.000
24.27658 81.000
24.29678 84.000
24.31697 100.000
24.33717 99.000
24.35737 78.000
24.37756 93.000
24.39776 75.000
24.41796 86.000
24.43815 93.000
24.45835 101.000
24.47855 87.000
24.49874 88.000
24.51894 103.000
24.53914 97.000
24.55933 100.000
24.57953 91.000
24.59972 93.000
24.61992 91.000
24.64012 86.000
24.66031 113.000
24.68051 104.000
24.70071 80.000
24.72090 96.000
24.74110 83.000
24.76130 105.000
24.78149 103.000
24.80169 94.000
24.82189 75.000
24.84208 103.000
24.86228 98.000
24.88248 102.000
24.90267 88.000
24.92287 90.000
24.94307 80.000
24.96326 74.000
24.98346 120.000
25.00366 95.000
25.02385 95.000
25.04405 111.000
25.06425 96.000
25.08444 87.000
25.10464 71.000
25.12483 118.000
25.14503 111.000
25.16523 115.000
25.18542 95.000
25.20562 97.000
25.22582 109.000
25.24601 93.000
25.26621 104.000
25.28641 97.000
25.30660 115.000
25.32680 96.000
25.34700 109.000
25.36719 111.000
25.38739 94.000
25.40759 94.000
25.42778 97.000
25.44798 111.000
25.46818 117.000
25.48837 108.000
25.50857 128.000
25.52877 101.000
25.54896 76.000
25.56916 107.000
25.58935 109.000
25.60955 126.000
25.62975 127.000
25.64994 132.000
25.67014 143.000
25.69034 136.000
25.71053 179.000
25.73073 169.000
25.75093 204.000
25.77112 194.000
25.79132 202.000
25.81152 228.000
25.83171 196.000
25.85191 211.000
25.87211 213.000
25.89230 205.000
25.91250 199.000
25.93270 173.000
25.95289 209.000
25.97309 171.000
25.99329 171.000
26.01348 134.000
26.03368 164.000
26.05388 161.000
26.07407 149.000
26.09427 146.000
26.11446 131.000
26.13466 165.000
26.15486 176.000
26.17505 180.000
26.19525 181.000
26.21545 181.000
26.23564 186.000
26.25584 192.000
26.27604 174.000
26.29623 157.000
26.31643 195.000
26.33663 207.000
26.35682 252.000
26.37702 305.000
26.39722 401.000
26.41741 494.000
26.43761 809.000
26.45781 891.000
26.47800 1236.000
26.49820 1381.000
26.51840 1396.000
26.53859 1549.000
26.55879 1522.000
26.57898 1420.000
26.59918 1315.000
26.61938 1277.000
26.63957 1172.000
26.65977 1096.000
26.67997 909.000
26.70016 821.000
26.72036 716.000
26.74056 520.000
26.76075 461.000
26.78095 342.000
26.80115 309.000
26.82134 239.000
26.84154 218.000
26.86174 189.000
26.88193 161.000
26.90213 157.000
26.92233 141.000
26.94252 149.000
26.96272 126.000
26.98292 122.000
27.00311 127.000
27.02331 107.000
27.04351 131.000
27.06370 121.000
27.08390 116.000
27.10409 114.000
27.12429 109.000
27.14449 126.000
27.16468 126.000
27.18488 132.000
27.20508 124.000
27.22527 132.000
27.24547 117.000
27.26567 120.000
27.28586 123.000
27.30606 130.000
27.32626 124.000
27.34645 122.000
27.36665 113.000
27.38685 122.000
27.40704 106.000
27.42724 130.000
27.44744 99.000
27.46763 112.000
27.48783 102.000
27.50803 130.000
27.52822 113.000
27.54842 127.000
27.56861 126.000
27.58881 118.000
27.60901 90.000
27.62920 112.000
27.64940 101.000
27.66960 104.000
27.68979 109.000
27.70999 115.000
27.73019 101.000
27.75038 103.000
27.77058 96.000
27.79078 104.000
27.81097 94.000
27.83117 90.000
27.85137 111.000
27.87156 106.000
27.89176 89.000
27.91196 119.000
27.93215 110.000
27.95235 103.000
27.97255 102.000
27.99274 125.000
28.01294 92.000
28.03314 112.000
28.05333 115.000
28.07353 110.000
28.09372 124.000
28.11392 137.000
28.13412 106.000
28.15431 118.000
28.17451 111.000
28.19471 119.000
28.21490 120.000
28.23510 120.000
28.25530 113.000
28.27549 98.000
28.29569 109.000
28.31589 107.000
28.33608 111.000
28.35628 94.000
28.37648 97.000
28.39667 104.000
28.41687 104.000
28.43707 103.000
28.45726 99.000
28.47746 110.000
28.49766 86.000
28.51785 112.000
28.53805 105.000
28.55824 121.000
28.57844 101.000
28.59864 129.000
28.61883 96.000
28.63903 102.000
28.65923 108.000
28.67942 129.000
28.69962 103.000
28.71982 96.000
28.74001 101.000
28.76021 101.000
28.78041 131.000
28.80060 124.000
28.82080 108.000
28.84100 105.000
28.86119 100.000
28.88139 111.000
28.90159 105.000
28.92178 106.000
28.94198 97.000
28.96218 126.000
28.98237 108.000
29.00257 97.000
29.02277 107.000
29.04296 90.000
29.06316 103.000
29.08335 104.000
29.10355 92.000
29.12375 106.000
29.14394 106.000
29.16414 91.000
29.18434 107.000
29.20453 113.000
29.22473 89.000
29.24493 111.000
29.26512 99.000
29.28532 106.000
29.30552 118.000
29.32571 86.000
29.34591 98.000
29.36611 99.000
29.38630 93.000
29.40650 93.000
29.42670 105.000
29.44689 84.000
29.46709 97.000
29.48729 88.000
29.50748 86.000
29.52768 104.000
29.54787 109.000
29.56807 85.000
29.58827 98.000
29.60846 103.000
29.62866 89.000
29.64886 82.000
29.66905 97.000
29.68925 93.000
29.70945 95.000
29.72964 102.000
29.74984 101.000
29.77004 98.000
29.79023 94.000
29.81043 108.000
29.83063 102.000
29.85082 113.000
29.87102 84.000
29.89122 108.000
29.91141 95.000
29.93161 78.000
29.95181 84.000
29.97200 90.000
29.99220 104.000
30.01240 105.000
30.03259 105.000
30.05279 107.000
30.07298 88.000
30.09318 96.000
30.11338 107.000
30.13357 100.000
30.15377 105.000
30.17397 96.000
30.19416 111.000
30.21436 94.000
30.23456 97.000
30.25475 117.000
30.27495 92.000
30.29515 116.000
30.31534 101.000
30.33554 124.000
30.35574 124.000
30.37593 106.000
30.39613 107.000
30.41633 111.000
30.43652 113.000
30.45672 139.000
30.47692 138.000
30.49711 169.000
30.51731 207.000
30.53750 250.000
30.55770 315.000
30.57790 364.000
30.59809 408.000
30.61829 439.000
30.63849 478.000
30.65868 485.000
30.67888 469.000
30.69908 453.000
30.71927 434.000
30.73947 392.000
30.75967 383.000
30.77986 368.000
30.80006 303.000
30.82026 250.000
30.84045 257.000
30.86065 196.000
30.88085 176.000
30.90104 162.000
30.92124 164.000
30.94144 145.000
30.96163 126.000
30.98183 134.000
31.00203 124.000
31.02222 115.000
31.04242 112.000
31.06261 105.000
31.08281 95.000
31.10301 113.000
31.12320 108.000
31.14340 120.000
31.16360 100.000
31.18379 106.000
31.20399 88.000
31.22419 126.000
31.24438 115.000
31.26458 119.000
31.28478 103.000
31.30497 101.000
31.32517 100.000
31.34537 110.000
31.36556 117.000
31.38576 107.000
31.40596 118.000
31.42615 91.000
31.44635 123.000
31.46655 107.000
31.48674 117.000
31.50694 125.000
31.52713 145.000
31.54733 144.000
31.56753 139.000
31.58772 153.000
31.60792 188.000
31.62812 178.000
31.64831 200.000
31.66851 234.000
31.68871 224.000
31.70890 233.000
31.72910 244.000
31.74930 237.000
31.76949 219.000
31.78969 214.000
31.80989 183.000
31.83008 195.000
31.85028 184.000
31.87048 163.000
31.89067 178.000
31.91087 144.000
31.93107 144.000
31.95126 130.000
31.97146 123.000
31.99166 138.000
32.01185 106.000
32.03205 103.000
32.05224 100.000
32.07244 107.000
32.09264 102.000
32.11283 90.000
32.13303 102.000
32.15323 99.000
32.17342 114.000
32.19362 80.000
32.21382 94.000
32.23401 97.000
32.25421 100.000
32.27441 95.000
32.29460 83.000
32.31480 108.000
32.33500 97.000
32.35519 101.000
32.37539 112.000
32.39559 87.000
32.41578 84.000
32.43598 101.000
32.45618 106.000
32.47637 102.000
32.49657 99.000
32.51676 92.000
32.53696 107.000
32.55716 103.000
32.57735 91.000
32.59755 85.000
32.61775 82.000
32.63794 86.000
32.65814 123.000
32.67834 99.000
32.69853 118.000
32.71873 93.000
32.73893 86.000
32.75912 100.000
32.77932 109.000
32.79952 97.000
32.81971 80.000
32.83991 88.000
32.86011 95.000
32.88030 94.000
32.90050 88.000
32.92070 101.000
32.94089 83.000
32.96109 97.000
32.98129 83.000
33.00148 102.000
33.02168 85.000
33.04187 101.000
33.06207 95.000
33.08227 86.000
33.10246 95.000
33.12266 111.000
33.14286 97.000
33.16305 100.000
33.18325 95.000
33.20345 97.000
33.22364 95.000
33.24384 83.000
33.26404 130.000
33.28423 92.000
33.30443 100.000
33.32463 121.000
33.34482 92.000
33.36502 96.000
33.38522 87.000
33.40541 88.000
33.42561 103.000
33.44581 105.000
33.46600 90.000
33.48620 83.000
33.50639 95.000
33.52659 94.000
33.54679 76.000
33.56698 92.000
33.58718 100.000
33.60738 125.000
33.62757 104.000
33.64777 91.000
33.66797 104.000
33.68816 98.000
33.70836 98.000
33.72856 88.000
33.74875 100.000
33.76895 100.000
33.78915 89.000
33.80934 97.000
33.82954 105.000
33.84974 107.000
33.86993 94.000
33.89013 93.000
33.91033 106.000
33.93052 98.000
33.95072 92.000
33.97092 112.000
33.99111 105.000
34.01131 101.000
34.03150 121.000
34.05170 91.000
34.07190 99.000
34.09209 113.000
34.11229 110.000
34.13249 123.000
34.15268 149.000
34.17288 171.000
34.19308 202.000
34.21327 278.000
34.23347 280.000
34.25367 331.000
34.27386 366.000
34.29406 330.000
34.31426 368.000
34.33445 388.000
34.35465 395.000
34.37485 399.000
34.39504 338.000
34.41524 311.000
34.43544 313.000
34.45563 256.000
34.47583 252.000
34.49603 215.000
34.51622 215.000
34.53642 180.000
34.55661 162.000
34.57681 130.000
34.59701 148.000
34.61720 123.000
34.63740 123.000
34.65760 115.000
34.67779 113.000
34.69799 121.000
34.71819 90.000
34.73838 92.000
34.75858 107.000
34.77878 93.000
34.79897 103.000
34.81917 114.000
34.83937 113.000
34.85956 100.000
34.87976 85.000
34.89996 102.000
34.92015 97.000
34.94035 103.000
34.96055 101.000
34.98074 111.000
35.00094 78.000
35.02113 92.000
35.04133 110.000
35.06153 112.000
35.08172 105.000
35.10192 94.000
35.12212 105.000
35.14231 100.000
35.16251 86.000
35.18271 82.000
35.20290 101.000
35.22310 96.000
35.24330 101.000
35.26349 123.000
35.28369 86.000
35.30389 104.000
35.32408 92.000
35.34428 89.000
35.36448 80.000
35.38467 109.000
35.40487 91.000
35.42507 105.000
35.44526 85.000
35.46546 103.000
35.48566 102.000
35.50585 100.000
35.52605 83.000
35.54624 121.000
35.56644 92.000
35.58664 101.000
35.60683 80.000
35.62703 118.000
35.64723 88.000
35.66742 93.000
35.68762 93.000
35.70782 89.000
35.72801 92.000
35.74821 98.000
35.76841 119.000
35.78860 111.000
35.80880 112.000
35.82900 99.000
35.84919 95.000
35.86939 105.000
35.88959 100.000
35.90978 86.000
35.92998 92.000
35.95018 83.000
35.97037 93.000
35.99057 89.000
36.01076 95.000
36.03096 78.000
36.05116 104.000
36.07135 83.000
36.09155 84.000
36.11175 90.000
36.13194 90.000
36.15214 91.000
36.17234 111.000
36.19253 82.000
36.21273 83.000
36.23293 96.000
36.25312 102.000
36.27332 79.000
36.29352 84.000
36.31371 96.000
36.33391 94.000
36.35411 103.000
36.37430 100.000
36.39450 104.000
36.41470 107.000
36.43489 119.000
36.45509 104.000
36.47529 102.000
36.49548 123.000
36.51568 134.000
36.53587 116.000
36.55607 94.000
36.57627 104.000
36.59646 73.000
36.61666 96.000
36.63686 88.000
36.65705 97.000
36.67725 105.000
36.69745 97.000
36.71764 84.000
36.73784 96.000
36.75804 88.000
36.77823 96.000
36.79843 77.000
36.81863 97.000
36.83882 86.000
36.85902 113.000
36.87922 94.000
36.89941 89.000
36.91961 73.000
36.93981 77.000
36.96000 73.000
36.98020 86.000
37.00039 80.000
37.02059 88.000
37.04079 93.000
37.06098 97.000
37.08118 86.000
37.10138 93.000
37.12157 80.000
37.14177 65.000
37.16197 103.000
37.18216 97.000
37.20236 83.000
37.22256 88.000
37.24275 102.000
37.26295 79.000
37.28315 76.000
37.30334 97.000
37.32354 90.000
37.34374 93.000
37.36393 90.000
37.38413 102.000
37.40433 79.000
37.42452 87.000
37.44472 92.000
37.46492 90.000
37.48511 92.000
37.50531 81.000
37.52550 69.000
37.54570 108.000
37.56590 80.000
37.58609 84.000
37.60629 99.000
37.62649 114.000
37.64668 104.000
37.66688 95.000
37.68708 94.000
37.70727 92.000
37.72747 102.000
37.74767 97.000
37.76786 66.000
37.78806 92.000
37.80826 87.000
37.82845 89.000
37.84865 91.000
37.86885 93.000
37.88904 79.000
37.90924 93.000
37.92944 98.000
37.94963 78.000
37.96983 90.000
37.99002 79.000
38.01022 69.000
38.03042 91.000
38.05061 79.000
38.07081 85.000
38.09101 91.000
38.11120 99.000
38.13140 84.000
38.15160 77.000
38.17179 94.000
38.19199 81.000
38.21219 68.000
38.23238 92.000
38.25258 87.000
38.27278 102.000
38.29297 89.000
38.31317 84.000
38.33337 84.000
38.35356 84.000
38.37376 87.000
38.39396 94.000
38.41415 99.000
38.43435 87.000
38.45455 85.000
38.47474 88.000
38.49494 71.000
38.51513 110.000
38.53533 89.000
38.55553 103.000
38.57572 103.000
38.59592 87.000
38.61612 101.000
38.63631 94.000
38.65651 91.000
38.67671 104.000
38.69690 99.000
38.71710 120.000
38.73730 128.000
38.75749 121.000
38.77769 126.000
38.79789 145.000
38.81808 140.000
38.83828 146.000
38.85848 147.000
38.87867 148.000
38.89887 167.000
38.91907 151.000
38.93926 135.000
38.95946 138.000
38.97965 135.000
38.99985 117.000
39.02005 111.000
39.04024 118.000
39.06044 115.000
39.08064 117.000
39.10083 119.000
39.12103 109.000
39.14123 101.000
39.16142 102.000
39.18162 104.000
39.20182 105.000
39.22201 119.000
39.24221 104.000
39.26241 114.000
39.28260 92.000
39.30280 106.000
39.32300 129.000
39.34319 146.000
39.36339 129.000
39.38359 122.000
39.40378 111.000
39.42398 136.000
39.44418 122.000
39.46437 130.000
39.48457 109.000
39.50476 124.000
39.52496 122.000
39.54516 91.000
39.56535 107.000
39.58555 98.000
39.60575 106.000
39.62594 107.000
39.64614 103.000
39.66634 84.000
39.68653 84.000
39.70673 100.000
39.72693 107.000
39.74712 97.000
39.76732 90.000
39.78752 93.000
39.80771 84.000
39.82791 112.000
39.84811 102.000
39.86830 84.000
39.88850 98.000
39.90870 95.000
39.92889 93.000
39.94909 83.000
39.96928 90.000
39.98948 103.000
40.00968 89.000
40.02987 100.000
40.05007 80.000
40.07027 89.000
40.09046 95.000
40.11066 94.000
40.13086 82.000
40.15105 97.000
40.17125 80.000
40.19145 97.000
40.21164 117.000
40.23184 105.000
40.25204 90.000
40.27223 98.000
40.29243 83.000
40.31263 95.000
40.33282 99.000
40.35302 95.000
40.37322 90.000
40.39341 91.000
40.41361 87.000
40.43381 98.000
40.45400 86.000
40.47420 109.000
40.49439 103.000
40.51459 85.000
40.53479 90.000
40.55498 76.000
40.57518 72.000
40.59538 90.000
40.61557 87.000
40.63577 81.000
40.65597 83.000
40.67616 110.000
40.69636 92.000
40.71656 58.000
40.73675 85.000
40.75695 91.000
40.77715 89.000
40.79734 89.000
40.81754 90.000
40.83774 98.000
40.85793 99.000
40.87813 93.000
40.89833 90.000
40.91852 95.000
40.93872 84.000
40.95891 95.000
40.97911 92.000
40.99931 83.000
41.01950 97.000
41.03970 92.000
41.05990 83.000
41.08009 101.000
41.10029 93.000
41.12049 93.000
41.14068 111.000
41.16088 103.000
41.18108 97.000
41.20127 95.000
41.22147 83.000
41.24167 89.000
41.26186 87.000
41.28206 101.000
41.30226 91.000
41.32245 92.000
41.34265 85.000
41.36285 97.000
41.38304 90.000
41.40324 85.000
41.42344 99.000
41.44363 98.000
41.46383 100.000
41.48402 97.000
41.50422 106.000
41.52442 106.000
41.54461 93.000
41.56481 106.000
41.58501 101.000
41.60520 102.000
41.62540 97.000
41.64560 105.000
41.66579 94.000
41.68599 91.000
41.70619 91.000
41.72638 99.000
41.74658 99.000
41.76678 94.000
41.78697 86.000
41.80717 90.000
41.82737 104.000
41.84756 102.000
41.86776 85.000
41.88796 94.000
41.90815 99.000
41.92835 83.000
41.94854 97.000
41.96874 92.000
41.98894 97.000
42.00913 90.000
42.02933 87.000
42.04953 97.000
42.06972 91.000
42.08992 92.000
42.11012 104.000
42.13031 83.000
42.15051 104.000
42.17071 99.000
42.19090 108.000
42.21110 103.000
42.23130 110.000
42.25149 92.000
42.27169 98.000
42.29189 98.000
42.31208 92.000
42.33228 89.000
42.35248 101.000
42.37267 86.000
42.39287 93.000
42.41307 119.000
42.43326 98.000
42.45346 115.000
42.47365 95.000
42.49385 100.000
42.51405 99.000
42.53424 98.000
42.55444 90.000
42.57464 92.000
42.59483 113.000
42.61503 102.000
42.63523 113.000
42.65542 91.000
42.67562 95.000
42.69582 114.000
42.71601 99.000
42.73621 103.000
42.75641 88.000
42.77660 99.000
42.79680 92.000
42.81700 97.000
42.83719 90.000
42.85739 100.000
42.87759 98.000
42.89778 107.000
42.91798 109.000
42.93817 118.000
42.95837 125.000
42.97857 113.000
42.99876 94.000
43.01896 113.000
43.03916 107.000
43.05935 118.000
43.07955 127.000
43.09975 113.000
43.11994 121.000
43.14014 118.000
43.16034 130.000
43.18053 143.000
43.20073 129.000
43.22093 146.000
43.24112 151.000
43.26132 159.000
43.28152 167.000
43.30171 181.000
43.32191 178.000
43.34211 178.000
43.36230 215.000
43.38250 247.000
43.40270 233.000
43.42289 338.000
43.44309 393.000
43.46328 495.000
43.48348 702.000
43.50368 910.000
43.52387 1180.000
43.54407 1342.000
43.56427 1632.000
43.58446 1738.000
43.60466 1845.000
43.62486 1985.000
43.64505 1881.000
43.66525 1900.000
43.68545 1895.000
43.70564 1700.000
43.72584 1488.000
43.74604 1329.000
43.76623 1110.000
43.78643 943.000
43.80663 794.000
43.82682 641.000
43.84702 524.000
43.86722 397.000
43.88741 327.000
43.90761 260.000
43.92780 235.000
43.94800 210.000
43.96820 171.000
43.98839 196.000
44.00859 183.000
44.02879 153.000
44.04898 147.000
44.06918 150.000
44.08938 131.000
44.10957 139.000
44.12977 125.000
44.14997 161.000
44.17016 131.000
44.19036 131.000
44.21056 121.000
44.23075 158.000
44.25095 128.000
44.27115 124.000
44.29134 147.000
44.31154 121.000
44.33174 144.000
44.35193 124.000
44.37213 117.000
44.39233 130.000
44.41252 142.000
44.43272 133.000
44.45291 126.000
44.47311 131.000
44.49331 121.000
44.51350 124.000
44.53370 112.000
44.55390 113.000
44.57409 120.000
44.59429 132.000
44.61449 102.000
44.63468 132.000
44.65488 147.000
44.67508 134.000
44.69527 144.000
44.71547 134.000
44.73567 125.000
44.75586 137.000
44.77606 159.000
44.79626 153.000
44.81645 160.000
44.83665 171.000
44.85685 172.000
44.87704 151.000
44.89724 139.000
44.91743 172.000
44.93763 176.000
44.95783 163.000
44.97802 199.000
44.99822 140.000
45.01842 159.000
45.03861 163.000
45.05881 170.000
45.07901 196.000
45.09920 207.000
45.11940 208.000
45.13960 223.000
45.15979 243.000
45.17999 215.000
45.20019 247.000
45.22038 271.000
45.24058 245.000
45.26078 248.000
45.28097 246.000
45.30117 262.000
45.32137 254.000
45.34156 250.000
45.36176 221.000
45.38196 221.000
45.40215 227.000
45.42235 240.000
45.44254 229.000
45.46274 226.000
45.48294 235.000
45.50313 213.000
45.52333 186.000
45.54353 226.000
45.56372 218.000
45.58392 196.000
45.60412 179.000
45.62431 158.000
45.64451 152.000
45.66471 159.000
45.68490 147.000
45.70510 126.000
45.72530 131.000
45.74549 129.000
45.76569 126.000
45.78589 102.000
45.80608 131.000
45.82628 109.000
45.84648 128.000
45.86667 115.000
45.88687 140.000
45.90706 111.000
45.92726 105.000
45.94746 109.000
45.96765 127.000
45.98785 102.000
46.00805 121.000
46.02824 129.000
46.04844 127.000
46.06864 105.000
46.08883 104.000
46.10903 104.000
46.12923 126.000
46.14942 127.000
46.16962 113.000
46.18982 117.000
46.21001 132.000
46.23021 152.000
46.25041 126.000
46.27060 139.000
46.29080 177.000
46.31100 168.000
46.33119 173.000
46.35139 189.000
46.37159 195.000
46.39178 188.000
46.41198 192.000
46.43217 183.000
46.45237 155.000
46.47257 187.000
46.49276 169.000
46.51296 146.000
46.53316 143.000
46.55335 143.000
46.57355 141.000
46.59375 120.000
46.61394 126.000
46.63414 105.000
46.65434 124.000
46.67453 125.000
46.69473 139.000
46.71493 103.000
46.73512 110.000
46.75532 98.000
46.77552 107.000
46.79571 96.000
46.81591 110.000
46.83611 121.000
46.85630 86.000
46.87650 87.000
46.89669 98.000
46.91689 121.000
46.93709 98.000
46.95728 96.000
46.97748 96.000
46.99768 98.000
47.01787 88.000
47.03807 82.000
47.05827 85.000
47.07846 98.000
47.09866 104.000
47.11886 109.000
47.13905 104.000
47.15925 104.000
47.17945 91.000
47.19964 72.000
47.21984 98.000
47.24004 101.000
47.26023 99.000
47.28043 95.000
47.30063 96.000
47.32082 92.000
47.34102 98.000
47.36122 120.000
47.38141 96.000
47.40161 112.000
47.42180 77.000
47.44200 90.000
47.46220 93.000
47.48239 89.000
47.50259 91.000
47.52279 107.000
47.54298 75.000
47.56318 101.000
47.58338 103.000
47.60357 99.000
47.62377 105.000
47.64397 100.000
47.66416 87.000
47.68436 97.000
47.70456 102.000
47.72475 96.000
47.74495 101.000
47.76515 92.000
47.78534 101.000
47.80554 94.000
47.82574 108.000
47.84593 102.000
47.86613 86.000
47.88633 103.000
47.90652 96.000
47.92672 102.000
47.94691 104.000
47.96711 103.000
47.98731 97.000
48.00750 83.000
48.02770 101.000
48.04790 92.000
48.06809 99.000
48.08829 96.000
48.10849 96.000
48.12868 85.000
48.14888 101.000
48.16908 85.000
48.18927 103.000
48.20947 86.000
48.22967 111.000
48.24986 93.000
48.27006 90.000
48.29026 82.000
48.31045 100.000
48.33065 82.000
48.35085 102.000
48.37104 114.000
48.39124 99.000
48.41143 83.000
48.43163 95.000
48.45183 88.000
48.47202 100.000
48.49222 98.000
48.51242 91.000
48.53261 103.000
48.55281 93.000
48.57301 83.000
48.59320 93.000
48.61340 84.000
48.63360 105.000
48.65379 110.000
48.67399 95.000
48.69419 104.000
48.71438 100.000
48.73458 88.000
48.75478 99.000
48.77497 90.000
48.79517 100.000
48.81537 109.000
48.83556 77.000
48.85576 90.000
48.87596 84.000
48.89615 99.000
48.91635 77.000
48.93654 100.000
48.95674 94.000
48.97694 91.000
48.99713 112.000
49.01733 94.000
49.03753 120.000
49.05772 83.000
49.07792 98.000
49.09812 97.000
49.11831 102.000
49.13851 93.000
49.15871 90.000
49.17890 97.000
49.19910 106.000
49.21930 102.000
49.23949 93.000
49.25969 96.000
49.27989 107.000
49.30008 105.000
49.32028 94.000
49.34048 99.000
49.36067 97.000
49.38087 94.000
49.40106 101.000
49.42126 106.000
49.44146 104.000
49.46165 92.000
49.48185 103.000
49.50205 100.000
49.52224 98.000
49.54244 91.000
49.56264 83.000
49.58283 95.000
49.60303 89.000
49.62323 82.000
49.64342 88.000
49.66362 93.000
49.68382 94.000
49.70401 92.000
49.72421 86.000
49.74441 104.000
49.76460 107.000
49.78480 92.000
49.80500 93.000
49.82519 88.000
49.84539 89.000
49.86559 96.000
49.88578 90.000
49.90598 88.000
49.92617 115.000
49.94637 96.000
49.96657 93.000
49.98676 98.000
50.00696 104.000
50.02716 105.000
50.04735 105.000
50.06755 98.000
50.08775 118.000
50.10794 95.000
50.12814 97.000
50.14834 78.000
50.16853 85.000
50.18873 105.000
50.20893 105.000
50.22912 97.000
50.24932 104.000
50.26952 85.000
50.28971 94.000
50.30991 111.000
50.33011 87.000
50.35030 90.000
50.37050 104.000
50.39069 86.000
50.41089 88.000
50.43109 103.000
50.45128 94.000
50.47148 104.000
50.49168 99.000
50.51187 104.000
50.53207 106.000
50.55227 93.000
50.57246 120.000
50.59266 102.000
50.61286 106.000
50.63305 99.000
50.65325 128.000
50.67345 120.000
50.69364 93.000
50.71384 90.000
50.73404 96.000
50.75423 113.000
50.77443 91.000
50.79463 100.000
50.81482 126.000
50.83502 98.000
50.85522 100.000
50.87541 102.000
50.89561 127.000
50.91580 97.000
50.93600 117.000
50.95620 112.000
50.97639 124.000
50.99659 110.000
51.01679 131.000
51.03698 109.000
51.05718 129.000
51.07738 99.000
51.09757 116.000
51.11777 102.000
51.13797 116.000
51.15816 132.000
51.17836 121.000
51.19856 162.000
51.21875 144.000
51.23895 156.000
51.25915 157.000
51.27934 173.000
51.29954 194.000
51.31974 188.000
51.33993 266.000
51.36013 309.000
51.38032 379.000
51.40052 446.000
51.42072 586.000
51.44091 715.000
51.46111 774.000
51.48131 817.000
51.50150 882.000
51.52170 912.000
51.54190 917.000
51.56209 874.000
51.58229 842.000
51.60249 769.000
51.62268 707.000
51.64288 661.000
51.66308 575.000
51.68327 535.000
51.70347 414.000
51.72367 364.000
51.74386 332.000
51.76406 282.000
51.78426 229.000
51.80445 207.000
51.82465 168.000
51.84485 162.000
51.86504 149.000
51.88524 120.000
51.90543 137.000
51.92563 113.000
51.94583 123.000
51.96602 123.000
51.98622 116.000
52.00642 127.000
52.02661 110.000
52.04681 104.000
52.06701 113.000
52.08720 97.000
52.10740 105.000
52.12760 100.000
52.14779 100.000
52.16799 83.000
52.18819 100.000
52.20838 89.000
52.22858 110.000
52.24878 115.000
52.26897 119.000
52.28917 100.000
52.30937 90.000
52.32956 97.000
52.34976 114.000
52.36995 103.000
52.39015 82.000
52.41035 123.000
52.43054 123.000
52.45074 110.000
52.47094 95.000
52.49113 115.000
52.51133 107.000
52.53153 105.000
52.55172 100.000
52.57192 97.000
52.59212 105.000
52.61231 120.000
52.63251 105.000
52.65271 120.000
52.67290 111.000
52.69310 102.000
52.71330 93.000
52.73349 104.000
52.75369 108.000
52.77389 94.000
52.79408 81.000
52.81428 89.000
52.83448 114.000
52.85467 90.000
52.87487 92.000
52.89506 121.000
52.91526 102.000
52.93546 105.000
52.95565 105.000
52.97585 97.000
52.99605 116.000
53.01624 95.000
53.03644 108.000
53.05664 110.000
53.07683 103.000
53.09703 87.000
53.11723 111.000
53.13742 144.000
53.15762 101.000
53.17782 115.000
53.19801 125.000
53.21821 101.000
53.23841 113.000
53.25860 100.000
53.27880 98.000
53.29900 86.000
53.31919 105.000
53.33939 106.000
53.35958 114.000
53.37978 106.000
53.39998 113.000
53.42017 104.000
53.44037 98.000
53.46057 87.000
53.48076 79.000
53.50096 103.000
53.52116 89.000
53.54135 96.000
53.56155 111.000
53.58175 102.000
53.60194 100.000
53.62214 105.000
53.64234 98.000
53.66253 97.000
53.68273 98.000
53.70293 120.000
53.72312 104.000
53.74332 108.000
53.76352 103.000
53.78371 124.000
53.80391 114.000
53.82411 124.000
53.84430 147.000
53.86450 164.000
53.88469 178.000
53.90489 185.000
53.92509 208.000
53.94528 186.000
53.96548 180.000
53.98568 197.000
54.00587 187.000
54.02607 201.000
54.04627 184.000
54.06646 159.000
54.08666 142.000
54.10686 153.000
54.12705 147.000
54.14725 133.000
54.16745 124.000
54.18764 120.000
54.20784 133.000
54.22804 94.000
54.24823 123.000
54.26843 111.000
54.28863 89.000
54.30882 98.000
54.32902 102.000
54.34921 98.000
54.36941 71.000
54.38961 112.000
54.40980 99.000
54.43000 115.000
54.45020 104.000
54.47039 97.000
54.49059 98.000
54.51079 99.000
54.53098 97.000
54.55118 113.000
54.57138 120.000
54.59157 99.000
54.61177 94.000
54.63197 101.000
54.65216 94.000
54.67236 85.000
54.69256 105.000
54.71275 115.000
54.73295 77.000
54.75315 102.000
54.77334 80.000
54.79354 95.000
54.81374 109.000
54.83393 97.000
54.85413 94.000
54.87432 93.000
54.89452 83.000
54.91472 89.000
54.93491 110.000
54.95511 100.000
54.97531 102.000
54.99550 108.000
55.01570 100.000
55.03590 88.000
55.05609 86.000
55.07629 104.000
55.09649 96.000
55.11668 104.000
55.13688 106.000
55.15708 104.000
55.17727 103.000
55.19747 106.000
55.21767 96.000
55.23786 91.000
55.25806 89.000
55.27826 89.000
55.29845 104.000
55.31865 99.000
55.33884 103.000
55.35904 82.000
55.37924 96.000
55.39943 116.000
55.41963 102.000
55.43983 121.000
55.46002 98.000
55.48022 118.000
55.50042 138.000
55.52061 125.000
55.54081 147.000
55.56101 149.000
55.58120 146.000
55.60140 130.000
55.62160 132.000
55.64179 144.000
55.66199 139.000
55.68219 139.000
55.70238 143.000
55.72258 122.000
55.74278 144.000
55.76297 119.000
55.78317 123.000
55.80337 141.000
55.82356 122.000
55.84376 119.000
55.86395 93.000
55.88415 96.000
55.90435 104.000
55.92454 101.000
55.94474 119.000
55.96494 103.000
55.98513 106.000
56.00533 95.000
56.02553 83.000
56.04572 111.000
56.06592 98.000
56.08612 95.000
56.10631 94.000
56.12651 106.000
56.14671 102.000
56.16690 86.000
56.18710 74.000
56.20730 88.000
56.22749 76.000
56.24769 89.000
56.26789 79.000
56.28808 85.000
56.30828 100.000
56.32847 102.000
56.34867 105.000
56.36887 99.000
56.38906 91.000
56.40926 97.000
56.42946 89.000
56.44965 78.000
56.46985 109.000
56.49005 107.000
56.51024 90.000
56.53044 85.000
56.55064 91.000
56.57083 96.000
56.59103 99.000
56.61123 95.000
56.63142 87.000
56.65162 90.000
56.67182 88.000
56.69201 101.000
56.71221 90.000
56.73241 91.000
56.75260 91.000
56.77280 93.000
56.79300 95.000
56.81319 98.000
56.83339 90.000
56.85358 89.000
56.87378 91.000
56.89398 105.000
56.91417 90.000
56.93437 90.000
56.95457 98.000
56.97476 107.000
56.99496 100.000
57.01516 83.000
57.03535 91.000
57.05555 82.000
57.07575 94.000
57.09594 78.000
57.11614 106.000
57.13634 67.000
57.15653 84.000
57.17673 82.000
57.19693 75.000
57.21712 117.000
57.23732 96.000
57.25752 95.000
57.27771 102.000
57.29791 100.000
57.31810 101.000
57.33830 93.000
57.35850 95.000
57.37869 94.000
57.39889 95.000
57.41909 104.000
57.43928 85.000
57.45948 107.000
57.47968 100.000
57.49987 85.000
57.52007 91.000
57.54027 87.000
57.56046 94.000
57.58066 87.000
57.60086 89.000
57.62105 107.000
57.64125 93.000
57.66145 102.000
57.68164 78.000
57.70184 98.000
57.72204 89.000
57.74223 93.000
57.76243 92.000
57.78263 106.000
57.80282 83.000
57.82302 80.000
57.84321 75.000
57.86341 85.000
57.88361 95.000
57.90380 88.000
57.92400 104.000
57.94420 85.000
57.96439 84.000
57.98459 101.000
58.00479 99.000
58.02498 94.000
58.04518 91.000
58.06538 89.000
58.08557 96.000
58.10577 89.000
58.12597 79.000
58.14616 76.000
58.16636 74.000
58.18656 81.000
58.20675 99.000
58.22695 99.000
58.24715 86.000
58.26734 98.000
58.28754 93.000
58.30773 91.000
58.32793 114.000
58.34813 78.000
58.36832 100.000
58.38852 85.000
58.40872 90.000
58.42891 95.000
58.44911 101.000
58.46931 91.000
58.48950 112.000
58.50970 88.000
58.52990 95.000
58.55009 86.000
58.57029 84.000
58.59049 84.000
58.61068 96.000
58.63088 90.000
58.65108 103.000
58.67127 104.000
58.69147 97.000
58.71167 90.000
58.73186 82.000
58.75206 97.000
58.77226 108.000
58.79245 100.000
58.81265 114.000
58.83284 84.000
58.85304 101.000
58.87324 82.000
58.89343 102.000
58.91363 106.000
58.93383 96.000
58.95402 108.000
58.97422 111.000
58.99442 105.000
59.01461 94.000
59.03481 106.000
59.05501 139.000
59.07520 100.000
59.09540 93.000
59.11560 126.000
59.13579 106.000
59.15599 115.000
59.17619 92.000
59.19638 115.000
59.21658 99.000
59.23678 94.000
59.25697 90.000
59.27717 79.000
59.29736 100.000
59.31756 100.000
59.33776 109.000
59.35795 91.000
59.37815 82.000
59.39835 82.000
59.41854 87.000
59.43874 100.000
59.45894 97.000
59.47913 88.000
59.49933 100.000
59.51953 92.000
59.53972 85.000
59.55992 98.000
59.58012 87.000
59.60031 78.000
59.62051 107.000
59.64071 88.000
59.66090 104.000
59.68110 88.000
59.70130 109.000
59.72149 95.000
59.74169 88.000
59.76189 106.000
59.78208 93.000
59.80228 82.000
59.82247 88.000
59.84267 76.000
59.86287 110.000
59.88306 93.000
59.90326 99.000
59.92346 82.000
59.94365 96.000
59.96385 97.000
59.98405 85.000
60.00424 76.000
60.02444 86.000
60.04464 104.000
60.06483 99.000
60.08503 79.000
60.10523 86.000
60.12542 94.000
60.14562 85.000
60.16582 97.000
60.18601 106.000
60.20621 96.000
60.22641 90.000
60.24660 110.000
60.26680 104.000
60.28699 110.000
60.30719 107.000
60.32739 90.000
60.34758 108.000
60.36778 104.000
60.38798 84.000
60.40817 91.000
60.42837 88.000
60.44857 95.000
60.46876 94.000
60.48896 97.000
60.50916 92.000
60.52935 105.000
60.54955 88.000
60.56975 90.000
60.58994 88.000
60.61014 92.000
60.63034 72.000
60.65053 91.000
60.67073 105.000
60.69093 89.000
60.71112 92.000
60.73132 112.000
60.75152 97.000
60.77171 93.000
60.79191 100.000
60.81210 97.000
60.83230 92.000
60.85250 97.000
60.87269 104.000
60.89289 118.000
60.91309 100.000
60.93328 98.000
60.95348 98.000
60.97368 117.000
60.99387 114.000
61.01407 87.000
61.03427 97.000
61.05446 95.000
61.07466 97.000
61.09486 105.000
61.11505 93.000
61.13525 88.000
61.15545 89.000
61.17564 99.000
61.19584 118.000
61.21604 112.000
61.23623 98.000
61.25643 113.000
61.27663 103.000
61.29682 126.000
61.31702 93.000
61.33721 110.000
61.35741 126.000
61.37761 130.000
61.39780 125.000
61.41800 117.000
61.43820 118.000
61.45839 106.000
61.47859 105.000
61.49879 116.000
61.51898 99.000
61.53918 101.000
61.55938 97.000
61.57957 102.000
61.59977 92.000
61.61997 69.000
61.64016 99.000
61.66036 85.000
61.68056 89.000
61.70075 98.000
61.72095 106.000
61.74115 93.000
61.76134 95.000
61.78154 78.000
61.80173 100.000
61.82193 97.000
61.84213 90.000
61.86232 84.000
61.88252 97.000
61.90272 104.000
61.92291 84.000
61.94311 99.000
61.96331 84.000
61.98350 106.000
62.00370 95.000
62.02390 90.000
62.04409 95.000
62.06429 92.000
62.08449 76.000
62.10468 106.000
62.12488 90.000
62.14508 92.000
62.16527 88.000
62.18547 95.000
62.20567 79.000
62.22586 116.000
62.24606 108.000
62.26626 90.000
62.28645 94.000
62.30665 95.000
62.32684 94.000
62.34704 115.000
62.36724 94.000
62.38743 111.000
62.40763 95.000
62.42783 87.000
62.44802 91.000
62.46822 86.000
62.48842 105.000
62.50861 102.000
62.52881 104.000
62.54901 82.000
62.56920 102.000
62.58940 104.000
62.60960 92.000
62.62979 96.000
62.64999 93.000
62.67019 94.000
62.69038 110.000
62.71058 103.000
62.73078 126.000
62.75097 111.000
62.77117 111.000
62.79136 118.000
62.81156 121.000
62.83176 125.000
62.85195 135.000
62.87215 153.000
62.89235 184.000
62.91254 180.000
62.93274 212.000
62.95294 238.000
62.97313 291.000
62.99333 308.000
63.01353 311.000
63.03372 322.000
63.05392 317.000
63.07412 320.000
63.09431 289.000
63.11451 270.000
63.13471 260.000
63.15490 259.000
63.17510 225.000
63.19530 251.000
63.21549 259.000
63.23569 234.000
63.25589 201.000
63.27608 198.000
63.29628 165.000
63.31647 154.000
63.33667 136.000
63.35687 127.000
63.37706 130.000
63.39726 102.000
63.41746 111.000
63.43765 100.000
63.45785 114.000
63.47805 123.000
63.49824 122.000
63.51844 99.000
63.53864 99.000
63.55883 96.000
63.57903 88.000
63.59923 108.000
63.61942 99.000
63.63962 92.000
63.65982 92.000
63.68001 80.000
63.70021 93.000
63.72041 105.000
63.74060 111.000
63.76080 94.000
63.78099 103.000
63.80119 91.000
63.82139 91.000
63.84158 103.000
63.86178 88.000
63.88198 108.000
63.90217 84.000
63.92237 96.000
63.94257 90.000
63.96276 101.000
63.98296 96.000
64.00316 102.000
64.02335 93.000
64.04355 95.000
64.06375 121.000
64.08394 89.000
64.10414 98.000
64.12434 93.000
64.14453 99.000
64.16473 106.000
64.18493 89.000
64.20512 86.000
64.22532 99.000
64.24552 85.000
64.26571 107.000
64.28591 108.000
64.30610 96.000
64.32630 90.000
64.34650 101.000
64.36669 84.000
64.38689 92.000
64.40709 99.000
64.42728 108.000
64.44748 110.000
64.46768 91.000
64.48787 80.000
64.50807 106.000
64.52827 90.000
64.54846 98.000
64.56866 111.000
64.58886 108.000
64.60905 94.000
64.62925 104.000
64.64945 100.000
64.66964 101.000
64.68984 98.000
64.71004 96.000
64.73023 91.000
64.75043 100.000
64.77062 90.000
64.79082 89.000
64.81102 84.000
64.83121 117.000
64.85141 108.000
64.87161 91.000
64.89180 107.000
64.91200 104.000
64.93220 101.000
64.95239 102.000
64.97259 107.000
64.99279 102.000
65.01298 115.000
65.03318 98.000
65.05338 155.000
65.07357 119.000
65.09377 143.000
65.11397 140.000
65.13416 167.000
65.15436 184.000
65.17456 217.000
65.19475 171.000
65.21495 173.000
65.23515 175.000
65.25534 178.000
65.27554 152.000
65.29573 154.000
65.31593 170.000
65.33613 163.000
65.35632 170.000
65.37652 142.000
65.39672 131.000
65.41691 150.000
65.43711 123.000
65.45731 126.000
65.47750 110.000
65.49770 107.000
65.51790 100.000
65.53809 96.000
65.55829 104.000
65.57849 104.000
65.59868 99.000
65.61888 99.000
65.63908 102.000
65.65927 103.000
65.67947 101.000
65.69967 113.000
65.71986 102.000
65.74006 101.000
65.76025 110.000
65.78045 90.000
65.80065 114.000
65.82084 116.000
65.84104 116.000
65.86124 99.000
65.88143 92.000
65.90163 109.000
65.92183 110.000
65.94202 112.000
65.96222 111.000
65.98242 114.000
66.00261 110.000
66.02281 100.000
66.04301 101.000
66.06320 129.000
66.08340 107.000
66.10360 102.000
66.12379 106.000
66.14399 98.000
66.16419 103.000
66.18438 100.000
66.20458 110.000
66.22478 109.000
66.24497 107.000
66.26517 101.000
66.28536 98.000
66.30556 75.000
66.32576 104.000
66.34595 91.000
66.36615 109.000
66.38635 98.000
66.40654 112.000
66.42674 86.000
66.44694 101.000
66.46713 102.000
66.48733 114.000
66.50753 99.000
66.52772 100.000
66.54792 96.000
66.56812 106.000
66.58831 97.000
66.60851 98.000
66.62871 89.000
66.64890 87.000
66.66910 97.000
66.68930 97.000
66.70949 104.000
66.72969 86.000
66.74988 97.000
66.77008 88.000
66.79028 103.000
66.81047 97.000
66.83067 94.000
66.85087 107.000
66.87106 91.000
66.89126 108.000
66.91146 105.000
66.93165 99.000
66.95185 98.000
66.97205 101.000
66.99224 98.000
67.01244 88.000
67.03264 114.000
67.05283 110.000
67.07303 97.000
67.09323 101.000
67.11342 102.000
67.13362 116.000
67.15382 114.000
67.17401 111.000
67.19421 100.000
67.21441 120.000
67.23460 79.000
67.25480 95.000
67.27499 100.000
67.29519 101.000
67.31539 93.000
67.33558 101.000
67.35578 111.000
67.37598 107.000
67.39617 100.000
67.41637 111.000
67.43657 112.000
67.45676 102.000
67.47696 121.000
67.49716 94.000
67.51735 98.000
67.53755 93.000
67.55775 98.000
67.57794 99.000
67.59814 91.000
67.61834 80.000
67.63853 91.000
67.65873 106.000
67.67893 88.000
67.69912 106.000
67.71932 94.000
67.73951 86.000
67.75971 102.000
67.77991 110.000
67.80010 101.000
67.82030 91.000
67.84050 109.000
67.86069 94.000
67.88089 101.000
67.90109 90.000
67.92128 96.000
67.94148 92.000
67.96168 107.000
67.98187 94.000
68.00207 98.000
68.02227 105.000
68.04246 105.000
68.06266 90.000
68.08286 115.000
68.10305 84.000
68.12325 108.000
68.14345 91.000
68.16364 105.000
68.18384 97.000
68.20404 85.000
68.22423 101.000
68.24443 100.000
68.26462 123.000
68.28482 107.000
68.30502 105.000
68.32521 112.000
68.34541 95.000
68.36561 115.000
68.38580 103.000
68.40600 114.000
68.42620 98.000
68.44639 100.000
68.46659 107.000
68.48679 108.000
68.50698 99.000
68.52718 108.000
68.54738 95.000
68.56757 100.000
68.58777 96.000
68.60797 90.000
68.62816 93.000
68.64836 111.000
68.66856 108.000
68.68875 109.000
68.70895 94.000
68.72914 88.000
68.74934 104.000
68.76954 105.000
68.78973 103.000
68.80993 106.000
68.83013 94.000
68.85032 110.000
68.87052 123.000
68.89072 103.000
68.91091 100.000
68.93111 122.000
68.95131 105.000
68.97150 123.000
68.99170 113.000
69.01190 90.000
69.03209 103.000
69.05229 109.000
69.07249 119.000
69.09268 133.000
69.11288 137.000
69.13308 126.000
69.15327 126.000
69.17347 149.000
69.19367 165.000
69.21386 194.000
69.23406 221.000
69.25425 268.000
69.27445 283.000
69.29465 337.000
69.31484 352.000
69.33504 391.000
69.35524 406.000
69.37543 383.000
69.39563 322.000
69.41583 343.000
69.43602 306.000
69.45622 289.000
69.47642 266.000
69.49661 271.000
69.51681 275.000
69.53701 260.000
69.55720 233.000
69.57740 251.000
69.59760 200.000
69.61779 213.000
69.63799 182.000
69.65819 171.000
69.67838 153.000
69.69858 136.000
69.71877 136.000
69.73897 114.000
69.75917 135.000
69.77936 102.000
69.79956 110.000
69.81976 113.000
69.83995 119.000
69.86015 103.000
69.88035 98.000
69.90054 105.000
69.92074 114.000
69.94094 108.000
69.96113 101.000
69.98133 93.000
70.00153 96.000
70.02172 121.000
70.04192 93.000
70.06212 113.000
70.08231 97.000
70.10251 97.000
70.12271 101.000
70.14290 120.000
70.16310 91.000
70.18330 103.000
70.20349 81.000
70.22369 94.000
70.24388 99.000
70.26408 103.000
70.28428 99.000
70.30447 105.000
70.32467 84.000
70.34487 88.000
70.36506 98.000
70.38526 93.000
70.40546 91.000
70.42565 95.000
70.44585 112.000
70.46605 98.000
70.48624 100.000
70.50644 101.000
70.52664 108.000
70.54683 92.000
70.56703 98.000
70.58723 101.000
70.60742 107.000
70.62762 94.000
70.64782 113.000
70.66801 92.000
70.68821 103.000
70.70840 116.000
70.72860 113.000
70.74880 120.000
70.76899 103.000
70.78919 123.000
70.80939 93.000
70.82958 111.000
70.84978 121.000
70.86998 114.000
70.89017 102.000
70.91037 111.000
70.93057 113.000
70.95076 107.000
70.97096 110.000
70.99116 107.000
71.01135 100.000
71.03155 119.000
71.05175 107.000
71.07194 115.000
71.09214 95.000
71.11234 102.000
71.13253 99.000
71.15273 107.000
71.17293 119.000
71.19312 135.000
71.21332 123.000
71.23351 114.000
71.25371 121.000
71.27391 134.000
71.29410 134.000
71.31430 175.000
71.33450 160.000
71.35469 202.000
71.37489 191.000
71.39509 199.000
71.41528 196.000
71.43548 196.000
71.45568 205.000
71.47587 182.000
71.49607 190.000
71.51627 153.000
71.53646 160.000
71.55666 147.000
71.57686 168.000
71.59705 141.000
71.61725 145.000
71.63745 157.000
71.65764 163.000
71.67784 141.000
71.69803 139.000
71.71823 139.000
71.73843 117.000
71.75862 101.000
71.77882 89.000
71.79902 134.000
71.81921 101.000
71.83941 108.000
71.85961 119.000
71.87980 97.000
71.90000 102.000
71.92020 100.000
71.94039 114.000
71.96059 106.000
71.98079 91.000
72.00098 113.000
72.02118 100.000
72.04138 88.000
72.06157 100.000
72.08177 106.000
72.10197 100.000
72.12216 123.000
72.14236 94.000
72.16256 112.000
72.18275 102.000
72.20295 82.000
72.22314 101.000
72.24334 107.000
72.26354 89.000
72.28373 98.000
72.30393 89.000
72.32413 95.000
72.34432 100.000
72.36452 98.000
72.38472 102.000
72.40491 82.000
72.42511 99.000
72.44531 103.000
72.46550 100.000
72.48570 116.000
72.50590 95.000
72.52609 94.000
72.54629 101.000
72.56649 105.000
72.58668 94.000
72.60688 94.000
72.62708 86.000
72.64727 107.000
72.66747 91.000
72.68766 86.000
72.70786 108.000
72.72806 85.000
72.74825 98.000
72.76845 95.000
72.78865 89.000
72.80884 101.000
72.82904 91.000
72.84924 104.000
72.86943 95.000
72.88963 98.000
72.90983 106.000
72.93002 109.000
72.95022 105.000
72.97042 81.000
72.99061 98.000
73.01081 97.000
73.03101 100.000
73.05120 101.000
73.07140 98.000
73.09160 99.000
73.11179 96.000
73.13199 93.000
73.15219 103.000
73.17238 97.000
73.19258 92.000
73.21277 81.000
73.23297 115.000
73.25317 113.000
73.27336 98.000
73.29356 105.000
73.31376 134.000
73.33395 98.000
73.35415 147.000
73.37435 126.000
73.39454 152.000
73.41474 158.000
73.43494 141.000
73.45513 116.000
73.47533 133.000
73.49553 114.000
73.51572 121.000
73.53592 134.000
73.55612 111.000
73.57631 120.000
73.59651 109.000
73.61671 114.000
73.63690 133.000
73.65710 105.000
73.67729 111.000
73.69749 119.000
73.71769 137.000
73.73788 114.000
73.75808 97.000
73.77828 105.000
73.79847 93.000
73.81867 111.000
73.83887 103.000
73.85906 105.000
73.87926 92.000
73.89946 98.000
73.91965 90.000
73.93985 82.000
73.96005 96.000
73.98024 113.000
74.00044 108.000
74.02064 88.000
74.04083 97.000
74.06103 104.000
74.08123 93.000
74.10142 111.000
74.12162 105.000
74.14182 108.000
74.16201 96.000
74.18221 98.000
74.20240 79.000
74.22260 106.000
74.24280 81.000
74.26299 88.000
74.28319 125.000
74.30339 90.000
74.32358 98.000
74.34378 88.000
74.36398 89.000
74.38417 112.000
74.40437 104.000
74.42457 100.000
74.44476 101.000
74.46496 97.000
74.48516 86.000
74.50535 121.000
74.52555 89.000
74.54575 96.000
74.56594 89.000
74.58614 100.000
74.60634 93.000
74.62653 78.000
74.64673 89.000
74.66693 93.000
74.68712 120.000
74.70732 98.000
74.72751 87.000
74.74771 87.000
74.76791 99.000
74.78810 106.000
74.80830 88.000
74.82850 98.000
74.84869 81.000
74.86889 83.000
74.88909 94.000
74.90928 105.000
74.92948 103.000
74.94968 87.000
74.96987 100.000
74.99007 102.000
75.01027 112.000
75.03046 91.000
75.05066 112.000
75.07086 102.000
75.09105 114.000
75.11125 104.000
75.13145 109.000
75.15164 105.000
75.17184 109.000
75.19203 96.000
75.21223 103.000
75.23243 99.000
75.25262 107.000
75.27282 107.000
75.29302 103.000
75.31321 105.000
75.33341 97.000
75.35361 96.000
75.37380 113.000
75.39400 112.000
75.41420 118.000
75.43439 103.000
75.45459 102.000
75.47479 103.000
75.49498 116.000
75.51518 98.000
75.53538 104.000
75.55557 111.000
75.57577 78.000
75.59597 98.000
75.61616 113.000
75.63636 100.000
75.65656 100.000
75.67675 94.000
75.69695 90.000
75.71714 99.000
75.73734 90.000
75.75754 88.000
75.77773 82.000
75.79793 90.000
75.81813 100.000
75.83832 103.000
75.85852 80.000
75.87872 102.000
75.89891 102.000
75.91911 110.000
75.93931 95.000
75.95950 86.000
75.97970 85.000
75.99990 99.000
76.02009 81.000
76.04029 94.000
76.06049 93.000
76.08068 96.000
76.10088 88.000
76.12108 103.000
76.14127 96.000
76.16147 105.000
76.18166 105.000
76.20186 110.000
76.22206 105.000
76.24225 101.000
76.26245 95.000
76.28265 115.000
76.30284 89.000
76.32304 115.000
76.34324 97.000
76.36343 85.000
76.38363 101.000
76.40383 89.000
76.42402 80.000
76.44422 115.000
76.46442 116.000
76.48461 104.000
76.50481 102.000
76.52501 113.000
76.54520 103.000
76.56540 116.000
76.58560 93.000
76.60579 97.000
76.62599 113.000
76.64619 110.000
76.66638 108.000
76.68658 103.000
76.70677 109.000
76.72697 129.000
76.74717 88.000
76.76736 106.000
76.78756 87.000
76.80776 97.000
76.82795 123.000
76.84815 106.000
76.86835 114.000
76.88854 108.000
76.90874 102.000
76.92894 115.000
76.94913 104.000
76.96933 91.000
76.98953 125.000
77.00972 111.000
77.02992 100.000
77.05012 100.000
77.07031 97.000
77.09051 106.000
77.11071 117.000
77.13090 128.000
77.15110 118.000
77.17129 115.000
77.19149 115.000
77.21169 123.000
77.23188 108.000
77.25208 96.000
77.27228 106.000
77.29247 106.000
77.31267 116.000
77.33287 118.000
77.35306 114.000
77.37326 103.000
77.39346 93.000
77.41365 108.000
77.43385 122.000
77.45405 105.000
77.47424 97.000
77.49444 105.000
77.51464 100.000
77.53483 101.000
77.55503 115.000
77.57523 96.000
77.59542 97.000
77.61562 102.000
77.63582 102.000
77.65601 92.000
77.67621 103.000
77.69640 102.000
77.71660 116.000
77.73680 112.000
77.75699 117.000
77.77719 98.000
77.79739 98.000
77.81758 104.000
77.83778 103.000
77.85798 94.000
77.87817 99.000
77.89837 91.000
77.91857 96.000
77.93876 106.000
77.95896 96.000
77.97916 78.000
77.99935 118.000
78.01955 89.000
78.03975 115.000
78.05994 105.000
78.08014 104.000
78.10034 90.000
78.12053 114.000
78.14073 115.000
78.16092 119.000
78.18112 105.000
78.20132 108.000
78.22151 103.000
78.24171 97.000
78.26191 101.000
78.28210 118.000
78.30230 107.000
78.32250 109.000
78.34269 99.000
78.36289 90.000
78.38309 107.000
78.40328 107.000
78.42348 102.000
78.44368 96.000
78.46387 114.000
78.48407 92.000
78.50427 107.000
78.52446 110.000
78.54466 91.000
78.56486 84.000
78.58505 108.000
78.60525 104.000
78.62545 116.000
78.64564 91.000
78.66584 108.000
78.68603 93.000
78.70623 127.000
78.72643 126.000
78.74662 114.000
78.76682 100.000
78.78702 107.000
78.80721 106.000
78.82741 107.000
78.84761 123.000
78.86780 128.000
78.88800 110.000
78.90820 124.000
78.92839 130.000
78.94859 123.000
78.96879 127.000
78.98898 123.000
79.00918 131.000
79.02938 118.000
79.04957 143.000
79.06977 172.000
79.08997 158.000
79.11016 141.000
79.13036 178.000
79.15055 156.000
79.17075 175.000
79.19095 196.000
79.21114 221.000
79.23134 252.000
79.25154 307.000
79.27173 338.000
79.29193 395.000
79.31213 474.000
79.33232 517.000
79.35252 497.000
79.37272 499.000
79.39291 486.000
79.41311 433.000
79.43331 354.000
79.45350 332.000
79.47370 319.000
79.49390 314.000
79.51409 285.000
79.53429 338.000
79.55449 325.000
79.57468 352.000
79.59488 321.000
79.61508 305.000
79.63527 269.000
79.65547 259.000
79.67566 223.000
79.69586 195.000
79.71606 192.000
79.73625 150.000
79.75645 129.000
79.77665 127.000
79.79684 123.000
79.81704 137.000
79.83724 112.000
79.85743 131.000
79.87763 101.000
79.89783 111.000
79.91802 116.000
79.93822 114.000
79.95842 117.000
79.97861 125.000
79.99881 112.000
80.01901 102.000
80.03920 96.000
80.05940 118.000
80.07960 98.000
80.09979 86.000
80.11999 94.000
80.14018 113.000
80.16038 98.000
80.18058 113.000
80.20077 112.000
80.22097 98.000
80.24117 101.000
80.26136 123.000
80.28156 110.000
80.30176 95.000
80.32195 105.000
80.34215 92.000
80.36235 110.000
80.38254 104.000
80.40274 93.000
80.42294 90.000
80.44313 87.000
80.46333 98.000
80.48353 114.000
80.50372 102.000
80.52392 102.000
80.54412 81.000
80.56431 106.000
80.58451 92.000
80.60471 110.000
80.62490 70.000
80.64510 99.000
80.66529 110.000
80.68549 110.000
80.70569 93.000
80.72588 95.000
80.74608 98.000
80.76628 103.000
80.78647 92.000
80.80667 79.000
80.82687 112.000
80.84706 95.000
80.86726 87.000
80.88746 104.000
80.90765 90.000
80.92785 98.000
80.94805 104.000
80.96824 93.000
80.98844 99.000
81.00864 115.000
81.02883 98.000
81.04903 117.000
81.06923 104.000
81.08942 113.000
81.10962 104.000
81.12981 115.000
81.15001 99.000
81.17021 95.000
81.19040 112.000
81.21060 95.000
81.23080 104.000
81.25099 131.000
81.27119 117.000
81.29139 132.000
81.31158 120.000
81.33178 113.000
81.35198 129.000
81.37217 114.000
81.39237 111.000
81.41257 112.000
81.43276 129.000
81.45296 107.000
81.47316 119.000
81.49335 116.000
81.51355 125.000
81.53375 116.000
81.55394 109.000
81.57414 116.000
81.59434 128.000
81.61453 103.000
81.63473 109.000
81.65492 113.000
81.67512 108.000
81.69532 115.000
81.71551 95.000
81.73571 110.000
81.75591 100.000
81.77610 110.000
81.79630 102.000
81.81650 122.000
81.83669 104.000
81.85689 114.000
81.87709 96.000
81.89728 104.000
81.91748 99.000
81.93768 104.000
81.95787 112.000
81.97807 104.000
81.99827 104.000
82.01846 110.000
82.03866 90.000
82.05886 97.000
82.07905 126.000
82.09925 96.000
82.11944 123.000
82.13964 104.000
82.15984 129.000
82.18003 118.000
82.20023 114.000
82.22043 125.000
82.24062 136.000
82.26082 120.000
82.28102 124.000
82.30121 120.000
82.32141 121.000
82.34161 130.000
82.36180 113.000
82.38200 123.000
82.40220 102.000
82.42239 123.000
82.44259 140.000
82.46279 113.000
82.48298 122.000
82.50318 100.000
82.52338 126.000
82.54357 122.000
82.56377 104.000
82.58397 110.000
82.60416 121.000
82.62436 109.000
82.64455 111.000
82.66475 92.000
82.68495 96.000
82.70514 98.000
82.72534 102.000
82.74554 120.000
82.76573 102.000
82.78593 112.000
82.80613 103.000
82.82632 95.000
82.84652 104.000
82.86672 104.000
82.88691 113.000
82.90711 101.000
82.92731 94.000
82.94750 104.000
82.96770 107.000
82.98790 106.000
83.00809 112.000
83.02829 102.000
83.04849 83.000
83.06868 113.000
83.08888 123.000
83.10907 85.000
83.12927 94.000
83.14947 87.000
83.16966 119.000
83.18986 118.000
83.21006 111.000
83.23025 103.000
83.25045 99.000
83.27065 118.000
83.29084 101.000
83.31104 118.000
83.33124 97.000
83.35143 101.000
83.37163 118.000
83.39183 104.000
83.41202 101.000
83.43222 101.000
83.45242 100.000
83.47261 117.000
83.49281 104.000
83.51301 107.000
83.53320 107.000
83.55340 103.000
83.57360 86.000
83.59379 95.000
83.61399 100.000
83.63418 122.000
83.65438 80.000
83.67458 108.000
83.69477 98.000
83.71497 105.000
83.73517 94.000
83.75536 105.000
83.77556 100.000
83.79576 114.000
83.81595 94.000
83.83615 103.000
83.85635 89.000
83.87654 105.000
83.89674 95.000
83.91694 104.000
83.93713 106.000
83.95733 87.000
83.97753 98.000
83.99772 128.000
84.01792 104.000
84.03812 93.000
84.05831 95.000
84.07851 86.000
84.09870 103.000
84.11890 107.000
84.13910 89.000
84.15929 104.000
84.17949 92.000
84.19969 95.000
84.21988 90.000
84.24008 108.000
84.26028 103.000
84.28047 100.000
84.30067 108.000
84.32087 81.000
84.34106 94.000
84.36126 99.000
84.38146 106.000
84.40165 95.000
84.42185 100.000
84.44205 111.000
84.46224 105.000
84.48244 121.000
84.50264 95.000
84.52283 98.000
84.54303 97.000
84.56323 111.000
84.58342 104.000
84.60362 102.000
84.62381 108.000
84.64401 97.000
84.66421 120.000
84.68440 109.000
84.70460 90.000
84.72480 108.000
84.74499 113.000
84.76519 99.000
84.78539 118.000
84.80558 128.000
84.82578 135.000
84.84598 119.000
84.86617 102.000
84.88637 115.000
84.90657 118.000
84.92676 125.000
84.94696 113.000
84.96716 138.000
84.98735 140.000
85.00755 159.000
85.02775 152.000
85.04794 149.000
85.06814 189.000
85.08833 240.000
85.10853 228.000
85.12873 243.000
85.14892 252.000
85.16912 337.000
85.18932 282.000
85.20951 289.000
85.22971 241.000
85.24991 228.000
85.27010 216.000
85.29030 194.000
85.31050 193.000
85.33069 188.000
85.35089 180.000
85.37109 189.000
85.39128 191.000
85.41148 193.000
85.43168 193.000
85.45187 212.000
85.47207 175.000
85.49227 193.000
85.51246 146.000
85.53266 152.000
85.55286 139.000
85.57305 120.000
85.59325 127.000
85.61344 130.000
85.63364 106.000
85.65384 109.000
85.67403 105.000
85.69423 103.000
85.71443 100.000
85.73462 113.000
85.75482 105.000
85.77502 89.000
85.79521 105.000
85.81541 87.000
85.83561 96.000
85.85580 108.000
85.87600 112.000
85.89620 111.000
85.91639 85.000
85.93659 104.000
85.95679 109.000
85.97698 91.000
85.99718 116.000
86.01738 79.000
86.03757 86.000
86.05777 89.000
86.07796 97.000
86.09816 105.000
86.11836 105.000
86.13855 117.000
86.15875 91.000
86.17895 101.000
86.19914 108.000
86.21934 109.000
86.23954 105.000
86.25973 93.000
86.27993 98.000
86.30013 102.000
86.32032 97.000
86.34052 91.000
86.36072 104.000
86.38091 86.000
86.40111 108.000
86.42131 88.000
86.44150 86.000
86.46170 86.000
86.48190 100.000
86.50209 114.000
86.52229 85.000
86.54249 86.000
86.56268 106.000
86.58288 102.000
86.60307 99.000
86.62327 88.000
86.64347 83.000
86.66366 96.000
86.68386 95.000
86.70406 80.000
86.72425 103.000
86.74445 86.000
86.76465 77.000
86.78484 96.000
86.80504 94.000
86.82524 84.000
86.84543 101.000
86.86563 96.000
86.88583 86.000
86.90602 100.000
86.92622 86.000
86.94642 112.000
86.96661 91.000
86.98681 95.000
87.00701 96.000
87.02720 107.000
87.04740 110.000
87.06759 86.000
87.08779 110.000
87.10799 92.000
87.12818 87.000
87.14838 91.000
87.16858 100.000
87.18877 97.000
87.20897 104.000
87.22917 90.000
87.24936 114.000
87.26956 93.000
87.28976 95.000
87.30995 93.000
87.33015 86.000
87.35035 97.000
87.37054 96.000
87.39074 88.000
87.41094 97.000
87.43113 96.000
87.45133 97.000
87.47153 88.000
87.49172 113.000
87.51192 100.000
87.53212 115.000
87.55231 81.000
87.57251 98.000
87.59270 95.000
87.61290 93.000
87.63310 91.000
87.65329 93.000
87.67349 98.000
87.69369 93.000
87.71388 115.000
87.73408 96.000
87.75428 102.000
87.77447 101.000
87.79467 104.000
87.81487 108.000
87.83506 98.000
87.85526 97.000
87.87546 107.000
87.89565 81.000
87.91585 98.000
87.93605 97.000
87.95624 116.000
87.97644 108.000
87.99664 106.000
88.01683 121.000
88.03703 110.000
88.05723 100.000
88.07742 86.000
88.09762 90.000
88.11781 99.000
88.13801 100.000
88.15821 123.000
88.17840 101.000
88.19860 99.000
88.21880 93.000
88.23899 106.000
88.25919 107.000
88.27939 101.000
88.29958 116.000
88.31978 74.000
88.33998 107.000
88.36017 101.000
88.38037 98.000
88.40057 86.000
88.42076 107.000
88.44096 107.000
88.46116 86.000
88.48135 96.000
88.50155 87.000
88.52175 80.000
88.54194 88.000
88.56214 105.000
88.58233 98.000
88.60253 94.000
88.62273 105.000
88.64292 88.000
88.66312 87.000
88.68332 103.000
88.70351 85.000
88.72371 85.000
88.74391 95.000
88.76410 93.000
88.78430 105.000
88.80450 86.000
88.82469 96.000
88.84489 106.000
88.86509 99.000
88.88528 115.000
88.90548 108.000
88.92568 117.000
88.94587 124.000
88.96607 107.000
88.98627 126.000
89.00646 132.000
89.02666 130.000
89.04686 122.000
89.06705 113.000
89.08725 105.000
89.10744 129.000
89.12764 109.000
89.14784 132.000
89.16803 123.000
89.18823 123.000
89.20843 113.000
89.22862 116.000
89.24882 100.000
89.26902 123.000
89.28921 124.000
89.30941 108.000
89.32961 107.000
89.34980 127.000
89.37000 112.000
89.39020 101.000
89.41039 114.000
89.43059 112.000
89.45079 101.000
89.47098 105.000
89.49118 105.000
89.51138 110.000
89.53157 87.000
89.55177 110.000
89.57196 112.000
89.59216 105.000
89.61236 109.000
89.63255 92.000
89.65275 113.000
89.67295 78.000
89.69314 98.000
89.71334 112.000
89.73354 103.000
89.75373 95.000
89.77393 106.000
89.79413 83.000
89.81432 107.000
89.83452 95.000
89.85472 98.000
89.87491 100.000
89.89511 107.000
89.91531 88.000
89.93550 101.000
89.95570 91.000
89.97590 96.000
89.99609 108.000
