9.99763 96.000
10.01783 88.000
10.03803 72.000
10.05822 84.000
10.07842 79.000
10.09862 86.000
10.11881 96.000
10.13901 87.000
10.15921 81.000
10.17940 73.000
10.19960 79.000
10.21979 64.000
10.23999 91.000
10.26019 79.000
10.28038 81.000
10.30058 89.000
10.32078 99.000
10.34097 92.000
10.36117 89.000
10.38137 80.000
10.40156 60.000
10.42176 78.000
10.44196 96.000
10.46215 72.000
10.48235 81.000
10.50255 86.000
10.52274 88.000
10.54294 87.000
10.56314 92.000
10.58333 73.000
10.60353 80.000
10.62373 90.000
10.64392 82.000
10.66412 54.000
10.68432 76.000
10.70451 90.000
10.72471 87.000
10.74490 79.000
10.76510 76.000
10.78530 98.000
10.80549 72.000
10.82569 80.000
10.84589 76.000
10.86608 72.000
10.88628 77.000
10.90648 65.000
10.92667 92.000
10.94687 101.000
10.96707 64.000
10.98726 71.000
11.00746 76.000
11.02766 85.000
11.04785 80.000
11.06805 82.000
11.08825 89.000
11.10844 63.000
11.12864 94.000
11.14884 63.000
11.16903 96.000
11.18923 75.000
11.20942 66.000
11.22962 75.000
11.24982 81.000
11.27001 74.000
11.29021 76.000
11.31041 77.000
11.33060 75.000
11.35080 90.000
11.37100 78.000
11.39119 67.000
11.41139 76.000
11.43159 82.000
11.45178 83.000
11.47198 89.000
11.49218 85.000
11.51237 78.000
11.53257 101.000
11.55277 72.000
11.57296 96.000
11.59316 82.000
11.61336 76.000
11.63355 99.000
11.65375 75.000
11.67395 68.000
11.69414 85.000
11.71434 78.000
11.73453 65.000
11.75473 71.000
11.77493 71.000
11.79512 96.000
11.81532 87.000
11.83552 77.000
11.85571 70.000
11.87591 74.000
11.89611 88.000
11.91630 71.000
11.93650 61.000
11.95670 93.000
11.97689 78.000
11.99709 78.000
12.01729 65.000
12.03748 76.000
12.05768 82.000
12.07788 76.000
12.09807 76.000
12.11827 90.000
12.13847 80.000
12.15866 73.000
12.17886 83.000
12.19905 79.000
12.21925 59.000
12.23945 71.000
12.25964 62.000
12.27984 82.000
12.30004 82.000
12.32023 73.000
12.34043 76.000
12.36063 68.000
12.38082 70.000
12.40102 90.000
12.42122 98.000
12.44141 64.000
12.46161 69.000
12.48181 70.000
12.50200 74.000
12.52220 78.000
12.54240 56.000
12.56259 72.000
12.58279 74.000
12.60299 87.000
12.62318 65.000
12.64338 72.000
12.66358 62.000
12.68377 63.000
12.70397 82.000
12.72416 75.000
12.74436 92.000
12.76456 82.000
12.78475 130.000
12.80495 111.000
12.82515 109.000
12.84534 73.000
12.86554 78.000
12.88574 85.000
12.90593 81.000
12.92613 96.000
12.94633 86.000
12.96652 93.000
12.98672 86.000
13.00692 89.000
13.02711 83.000
13.04731 93.000
13.06751 65.000
13.08770 68.000
13.10790 89.000
13.12810 65.000
13.14829 82.000
13.16849 92.000
13.18868 66.000
13.20888 83.000
13.22908 77.000
13.24927 82.000
13.26947 76.000
13.28967 59.000
13.30986 86.000
13.33006 91.000
13.35026 65.000
13.37045 83.000
13.39065 72.000
13.41085 76.000
13.43104 78.000
13.45124 77.000
13.47144 74.000
13.49163 77.000
13.51183 77.000
13.53203 82.000
13.55222 86.000
13.57242 62.000
13.59262 63.000
13.61281 73.000
13.63301 83.000
13.65321 72.000
13.67340 66.000
13.69360 93.000
13.71379 83.000
13.73399 69.000
13.75419 83.000
13.77438 67.000
13.79458 86.000
13.81478 53.000
13.83497 76.000
13.85517 62.000
13.87537 74.000
13.89556 69.000
13.91576 76.000
13.93596 80.000
13.95615 63.000
13.97635 73.000
13.99655 69.000
14.01674 66.000
14.03694 64.000
14.05714 64.000
14.07733 65.000
14.09753 66.000
14.11773 71.000
14.13792 74.000
14.15812 73.000
14.17831 65.000
14.19851 78.000
14.21871 66.000
14.23890 85.000
14.25910 66.000
14.27930 78.000
14.29949 66.000
14.31969 74.000
14.33989 76.000
14.36008 74.000
14.38028 85.000
14.40048 70.000
14.42067 64.000
14.44087 87.000
14.46107 74.000
14.48126 89.000
14.50146 71.000
14.52166 76.000
14.54185 86.000
14.56205 73.000
14.58225 75.000
14.60244 76.000
14.62264 56.000
14.64284 75.000
14.66303 76.000
14.68323 77.000
14.70342 65.000
14.72362 67.000
14.74382 62.000
14.76401 71.000
14.78421 81.000
14.80441 76.000
14.82460 82.000
14.84480 84.000
14.86500 109.000
14.88519 81.000
14.90539 123.000
14.92559 106.000
14.94578 137.000
14.96598 175.000
14.98618 172.000
15.00637 142.000
15.02657 119.000
15.04677 116.000
15.06696 83.000
15.08716 97.000
15.10736 81.000
15.12755 98.000
15.14775 61.000
15.16794 81.000
15.18814 79.000
15.20834 84.000
15.22853 70.000
15.24873 70.000
15.26893 85.000
15.28912 93.000
15.30932 66.000
15.32952 75.000
15.34971 77.000
15.36991 81.000
15.39011 70.000
15.41030 67.000
15.43050 70.000
15.45070 96.000
15.47089 68.000
15.49109 63.000
15.51129 67.000
15.53148 72.000
15.55168 70.000
15.57188 92.000
15.59207 73.000
15.61227 61.000
15.63247 77.000
15.65266 65.000
15.67286 68.000
15.69305 57.000
15.71325 49.000
15.73345 79.000
15.75364 78.000
15.77384 73.000
15.79404 76.000
15.81423 69.000
15.83443 79.000
15.85463 61.000
15.87482 75.000
15.89502 79.000
15.91522 63.000
15.93541 79.000
15.95561 85.000
15.97581 73.000
15.99600 80.000
16.01620 77.000
16.03640 64.000
16.05659 72.000
16.07679 62.000
16.09699 66.000
16.11718 64.000
16.13738 73.000
16.15757 72.000
16.17777 66.000
16.19797 65.000
16.21816 76.000
16.23836 63.000
16.25856 76.000
16.27875 55.000
16.29895 68.000
16.31915 72.000
16.33934 74.000
16.35954 63.000
16.37974 65.000
16.39993 72.000
16.42013 77.000
16.44033 65.000
16.46052 65.000
16.48072 68.000
16.50092 66.000
16.52111 70.000
16.54131 50.000
16.56151 78.000
16.58170 56.000
16.60190 66.000
16.62210 70.000
16.64229 79.000
16.66249 63.000
16.68268 65.000
16.70288 55.000
16.72308 64.000
16.74327 75.000
16.76347 68.000
16.78367 69.000
16.80386 66.000
16.82406 50.000
16.84426 67.000
16.86445 70.000
16.88465 68.000
16.90485 69.000
16.92504 64.000
16.94524 51.000
16.96544 63.000
16.98563 64.000
17.00583 78.000
17.02603 50.000
17.04622 67.000
17.06642 89.000
17.08662 61.000
17.10681 68.000
17.12701 73.000
17.14720 71.000
17.16740 67.000
17.18760 60.000
17.20779 69.000
17.22799 69.000
17.24819 77.000
17.26838 59.000
17.28858 79.000
17.30878 70.000
17.32897 65.000
17.34917 71.000
17.36937 59.000
17.38956 59.000
17.40976 75.000
17.42996 67.000
17.45015 66.000
17.47035 69.000
17.49055 63.000
17.51074 70.000
17.53094 57.000
17.55114 66.000
17.57133 74.000
17.59153 68.000
17.61173 99.000
17.63192 71.000
17.65212 53.000
17.67231 66.000
17.69251 75.000
17.71271 79.000
17.73290 67.000
17.75310 75.000
17.77330 74.000
17.79349 68.000
17.81369 69.000
17.83389 77.000
17.85408 66.000
17.87428 61.000
17.89448 70.000
17.91467 78.000
17.93487 69.000
17.95507 74.000
17.97526 71.000
17.99546 67.000
18.01566 60.000
18.03585 69.000
18.05605 77.000
18.07625 71.000
18.09644 59.000
18.11664 68.000
18.13683 75.000
18.15703 55.000
18.17723 67.000
18.19742 74.000
18.21762 67.000
18.23782 62.000
18.25801 70.000
18.27821 53.000
18.29841 61.000
18.31860 74.000
18.33880 77.000
18.35900 67.000
18.37919 64.000
18.39939 63.000
18.41959 71.000
18.43978 47.000
18.45998 58.000
18.48018 63.000
18.50037 55.000
18.52057 66.000
18.54077 76.000
18.56096 64.000
18.58116 69.000
18.60136 64.000
18.62155 72.000
18.64175 64.000
18.66194 64.000
18.68214 57.000
18.70234 55.000
18.72253 63.000
18.74273 68.000
18.76293 74.000
18.78312 66.000
18.80332 70.000
18.82352 64.000
18.84371 59.000
18.86391 70.000
18.88411 70.000
18.90430 64.000
18.92450 62.000
18.94470 62.000
18.96489 61.000
18.98509 62.000
19.00529 65.000
19.02548 69.000
19.04568 65.000
19.06588 66.000
19.08607 80.000
19.10627 67.000
19.12646 77.000
19.14666 66.000
19.16686 89.000
19.18705 74.000
19.20725 70.000
19.22745 63.000
19.24764 63.000
19.26784 70.000
19.28804 73.000
19.30823 73.000
19.32843 71.000
19.34863 71.000
19.36882 73.000
19.38902 66.000
19.40922 64.000
19.42941 68.000
19.44961 66.000
19.46981 71.000
19.49000 78.000
19.51020 64.000
19.53040 74.000
19.55059 75.000
19.57079 83.000
19.59099 70.000
19.61118 64.000
19.63138 77.000
19.65157 71.000
19.67177 69.000
19.69197 87.000
19.71216 72.000
19.73236 65.000
19.75256 61.000
19.77275 65.000
19.79295 94.000
19.81315 69.000
19.83334 59.000
19.85354 64.000
19.87374 72.000
19.89393 74.000
19.91413 69.000
19.93433 80.000
19.95452 65.000
19.97472 56.000
19.99492 51.000
20.01511 90.000
20.03531 72.000
20.05551 79.000
20.07570 65.000
20.09590 81.000
20.11609 84.000
20.13629 78.000
20.15649 49.000
20.17668 61.000
20.19688 55.000
20.21708 87.000
20.23727 77.000
20.25747 84.000
20.27767 74.000
20.29786 83.000
20.31806 76.000
20.33826 73.000
20.35845 60.000
20.37865 58.000
20.39885 76.000
20.41904 82.000
20.43924 60.000
20.45944 61.000
20.47963 63.000
20.49983 52.000
20.52003 69.000
20.54022 81.000
20.56042 68.000
20.58062 76.000
20.60081 70.000
20.62101 74.000
20.64120 76.000
20.66140 62.000
20.68160 76.000
20.70179 62.000
20.72199 83.000
20.74219 55.000
20.76238 72.000
20.78258 71.000
20.80278 77.000
20.82297 76.000
20.84317 61.000
20.86337 80.000
20.88356 79.000
20.90376 66.000
20.92396 63.000
20.94415 76.000
20.96435 55.000
20.98455 78.000
21.00474 70.000
21.02494 77.000
21.04514 63.000
21.06533 82.000
21.08553 73.000
21.10573 63.000
21.12592 78.000
21.14612 58.000
21.16631 77.000
21.18651 81.000
21.20671 80.000
21.22690 71.000
21.24710 53.000
21.26730 74.000
21.28749 81.000
21.30769 68.000
21.32789 66.000
21.34808 68.000
21.36828 71.000
21.38848 68.000
21.40867 75.000
21.42887 62.000
21.44907 82.000
21.46926 74.000
21.48946 93.000
21.50966 81.000
21.52985 74.000
21.55005 64.000
21.57025 63.000
21.59044 87.000
21.61064 62.000
21.63083 82.000
21.65103 84.000
21.67123 83.000
21.69142 75.000
21.71162 62.000
21.73182 71.000
21.75201 61.000
21.77221 67.000
21.79241 79.000
21.81260 73.000
21.83280 61.000
21.85300 76.000
21.87319 57.000
21.89339 102.000
21.91359 67.000
21.93378 86.000
21.95398 89.000
21.97418 81.000
21.99437 78.000
22.01457 75.000
22.03477 67.000
22.05496 88.000
22.07516 78.000
22.09536 78.000
22.11555 75.000
22.13575 64.000
22.15594 67.000
22.17614 69.000
22.19634 80.000
22.21653 64.000
22.23673 67.000
22.25693 72.000
22.27712 71.000
22.29732 69.000
22.31752 76.000
22.33771 82.000
22.35791 68.000
22.37811 80.000
22.39830 60.000
22.41850 80.000
22.43870 63.000
22.45889 81.000
22.47909 77.000
22.49929 63.000
22.51948 73.000
22.53968 86.000
22.55988 71.000
22.58007 71.000
22.60027 68.000
22.62046 70.000
22.64066 81.000
22.66086 88.000
22.68105 80.000
22.70125 78.000
22.72145 71.000
22.74164 74.000
22.76184 74.000
22.78204 80.000
22.80223 71.000
22.82243 75.000
22.84263 82.000
22.86282 60.000
22.88302 84.000
22.90322 90.000
22.92341 66.000
22.94361 83.000
22.96381 83.000
22.98400 83.000
23.00420 65.000
23.02440 89.000
23.04459 73.000
23.06479 61.000
23.08499 78.000
23.10518 75.000
23.12538 78.000
23.14557 83.000
23.16577 71.000
23.18597 74.000
23.20616 91.000
23.22636 61.000
23.24656 72.000
23.26675 76.000
23.28695 67.000
23.30715 80.000
23.32734 85.000
23.34754 71.000
23.36774 71.000
23.38793 75.000
23.40813 74.000
23.42833 78.000
23.44852 59.000
23.46872 74.000
23.48892 100.000
23.50911 87.000
23.52931 77.000
23.54951 87.000
23.56970 72.000
23.58990 83.000
23.61009 66.000
23.63029 71.000
23.65049 81.000
23.67068 76.000
23.69088 94.000
23.71108 79.000
23.73127 70.000
23.75147 79.000
23.77167 76.000
23.79186 80.000
23.81206 84.000
23.83226 69.000
23.85245 78.000
23.87265 73.000
23.89285 80.000
23.91304 83.000
23.93324 90.000
23.95344 75.000
23.97363 68.000
23.99383 83.000
24.01403 57.000
24.03422 72.000
24.05442 78.000
24.07462 83.000
24.09481 71.000
24.11501 78.000
24.13520 79.000
24.15540 69.000
24.17560 76.000
24.19579 63.000
24.21599 64.000
24.23619 82.000
24.25638 89.000
24.27658 83.000
24.29678 72.000
24.31697 73.000
24.33717 68.000
24.35737 95.000
24.37756 78.000
24.39776 74.000
24.41796 68.000
24.43815 81.000
24.45835 86.000
24.47855 81.000
24.49874 88.000
24.51894 78.000
24.53914 71.000
24.55933 84.000
24.57953 75.000
24.59972 80.000
24.61992 59.000
24.64012 76.000
24.66031 77.000
24.68051 81.000
24.70071 81.000
24.72090 67.000
24.74110 76.000
24.76130 77.000
24.78149 73.000
24.80169 87.000
24.82189 95.000
24.84208 72.000
24.86228 87.000
24.88248 97.000
24.90267 92.000
24.92287 108.000
24.94307 87.000
24.96326 90.000
24.98346 111.000
25.00366 104.000
25.02385 82.000
25.04405 87.000
25.06425 89.000
25.08444 93.000
25.10464 106.000
25.12483 108.000
25.14503 120.000
25.16523 113.000
25.18542 122.000
25.20562 171.000
25.22582 176.000
25.24601 190.000
25.26621 205.000
25.28641 207.000
25.30660 191.000
25.32680 217.000
25.34700 180.000
25.36719 150.000
25.38739 126.000
25.40759 150.000
25.42778 115.000
25.44798 121.000
25.46818 116.000
25.48837 117.000
25.50857 121.000
25.52877 103.000
25.54896 119.000
25.56916 135.000
25.58935 104.000
25.60955 126.000
25.62975 113.000
25.64994 133.000
25.67014 163.000
25.69034 166.000
25.71053 148.000
25.73073 173.000
25.75093 174.000
25.77112 159.000
25.79132 197.000
25.81152 221.000
25.83171 327.000
25.85191 447.000
25.87211 576.000
25.89230 561.000
25.91250 638.000
25.93270 747.000
25.95289 869.000
25.97309 1097.000
25.99329 1467.000
26.01348 1629.000
26.03368 1550.000
26.05388 1227.000
26.07407 1058.000
26.09427 935.000
26.11446 706.000
26.13466 493.000
26.15486 327.000
26.17505 260.000
26.19525 251.000
26.21545 245.000
26.23564 233.000
26.25584 233.000
26.27604 240.000
26.29623 218.000
26.31643 185.000
26.33663 216.000
26.35682 173.000
26.37702 143.000
26.39722 125.000
26.41741 122.000
26.43761 94.000
26.45781 107.000
26.47800 98.000
26.49820 105.000
26.51840 105.000
26.53859 110.000
26.55879 85.000
26.57898 105.000
26.59918 97.000
26.61938 105.000
26.63957 98.000
26.65977 101.000
26.67997 108.000
26.70016 107.000
26.72036 115.000
26.74056 110.000
26.76075 112.000
26.78095 112.000
26.80115 106.000
26.82134 95.000
26.84154 92.000
26.86174 109.000
26.88193 84.000
26.90213 101.000
26.92233 89.000
26.94252 87.000
26.96272 116.000
26.98292 103.000
27.00311 85.000
27.02331 104.000
27.04351 97.000
27.06370 106.000
27.08390 84.000
27.10409 107.000
27.12429 74.000
27.14449 76.000
27.16468 93.000
27.18488 83.000
27.20508 114.000
27.22527 103.000
27.24547 89.000
27.26567 66.000
27.28586 68.000
27.30606 91.000
27.32626 69.000
27.34645 75.000
27.36665 90.000
27.38685 104.000
27.40704 92.000
27.42724 106.000
27.44744 90.000
27.46763 88.000
27.48783 96.000
27.50803 91.000
27.52822 99.000
27.54842 115.000
27.56861 98.000
27.58881 122.000
27.60901 106.000
27.62920 103.000
27.64940 88.000
27.66960 90.000
27.68979 82.000
27.70999 94.000
27.73019 96.000
27.75038 85.000
27.77058 95.000
27.79078 78.000
27.81097 72.000
27.83117 80.000
27.85137 67.000
27.87156 82.000
27.89176 76.000
27.91196 84.000
27.93215 64.000
27.95235 74.000
27.97255 100.000
27.99274 83.000
28.01294 82.000
28.03314 90.000
28.05333 77.000
28.07353 88.000
28.09372 80.000
28.11392 79.000
28.13412 82.000
28.15431 81.000
28.17451 84.000
28.19471 102.000
28.21490 88.000
28.23510 84.000
28.25530 72.000
28.27549 71.000
28.29569 69.000
28.31589 73.000
28.33608 71.000
28.35628 87.000
28.37648 79.000
28.39667 87.000
28.41687 80.000
28.43707 68.000
28.45726 91.000
28.47746 80.000
28.49766 81.000
28.51785 81.000
28.53805 79.000
28.55824 74.000
28.57844 77.000
28.59864 75.000
28.61883 81.000
28.63903 81.000
28.65923 99.000
28.67942 96.000
28.69962 84.000
28.71982 66.000
28.74001 75.000
28.76021 83.000
28.78041 76.000
28.80060 67.000
28.82080 80.000
28.84100 76.000
28.86119 84.000
28.88139 75.000
28.90159 73.000
28.92178 72.000
28.94198 74.000
28.96218 77.000
28.98237 77.000
29.00257 72.000
29.02277 85.000
29.04296 77.000
29.06316 90.000
29.08335 81.000
29.10355 68.000
29.12375 77.000
29.14394 78.000
29.16414 80.000
29.18434 105.000
29.20453 88.000
29.22473 107.000
29.24493 94.000
29.26512 82.000
29.28532 87.000
29.30552 73.000
29.32571 92.000
29.34591 59.000
29.36611 87.000
29.38630 86.000
29.40650 90.000
29.42670 82.000
29.44689 63.000
29.46709 69.000
29.48729 82.000
29.50748 98.000
29.52768 74.000
29.54787 82.000
29.56807 89.000
29.58827 90.000
29.60846 86.000
29.62866 70.000
29.64886 84.000
29.66905 65.000
29.68925 83.000
29.70945 86.000
29.72964 96.000
29.74984 82.000
29.77004 90.000
29.79023 95.000
29.81043 103.000
29.83063 87.000
29.85082 122.000
29.87102 110.000
29.89122 134.000
29.91141 111.000
29.93161 160.000
29.95181 183.000
29.97200 205.000
29.99220 229.000
30.01240 212.000
30.03259 274.000
30.05279 299.000
30.07298 324.000
30.09318 432.000
30.11338 484.000
30.13357 413.000
30.15377 350.000
30.17397 298.000
30.19416 275.000
30.21436 261.000
30.23456 194.000
30.25475 164.000
30.27495 137.000
30.29515 125.000
30.31534 125.000
30.33554 117.000
30.35574 107.000
30.37593 111.000
30.39613 120.000
30.41633 134.000
30.43652 83.000
30.45672 97.000
30.47692 99.000
30.49711 98.000
30.51731 103.000
30.53750 95.000
30.55770 86.000
30.57790 83.000
30.59809 98.000
30.61829 94.000
30.63849 79.000
30.65868 81.000
30.67888 83.000
30.69908 93.000
30.71927 72.000
30.73947 86.000
30.75967 78.000
30.77986 106.000
30.80006 106.000
30.82026 91.000
30.84045 85.000
30.86065 81.000
30.88085 91.000
30.90104 99.000
30.92124 97.000
30.94144 112.000
30.96163 108.000
30.98183 82.000
31.00203 121.000
31.02222 135.000
31.04242 139.000
31.06261 121.000
31.08281 154.000
31.10301 160.000
31.12320 185.000
31.14340 187.000
31.16360 224.000
31.18379 193.000
31.20399 205.000
31.22419 162.000
31.24438 147.000
31.26458 143.000
31.28478 120.000
31.30497 120.000
31.32517 111.000
31.34537 124.000
31.36556 109.000
31.38576 100.000
31.40596 89.000
31.42615 102.000
31.44635 87.000
31.46655 88.000
31.48674 72.000
31.50694 102.000
31.52713 93.000
31.54733 84.000
31.56753 77.000
31.58772 87.000
31.60792 90.000
31.62812 87.000
31.64831 73.000
31.66851 92.000
31.68871 74.000
31.70890 80.000
31.72910 87.000
31.74930 70.000
31.76949 71.000
31.78969 74.000
31.80989 92.000
31.83008 64.000
31.85028 91.000
31.87048 78.000
31.89067 74.000
31.91087 92.000
31.93107 94.000
31.95126 79.000
31.97146 87.000
31.99166 85.000
32.01185 73.000
32.03205 102.000
32.05224 71.000
32.07244 68.000
32.09264 81.000
32.11283 92.000
32.13303 80.000
32.15323 75.000
32.17342 85.000
32.19362 77.000
32.21382 90.000
32.23401 75.000
32.25421 72.000
32.27441 66.000
32.29460 65.000
32.31480 67.000
32.33500 72.000
32.35519 81.000
32.37539 72.000
32.39559 91.000
32.41578 82.000
32.43598 94.000
32.45618 95.000
32.47637 73.000
32.49657 75.000
32.51676 88.000
32.53696 76.000
32.55716 76.000
32.57735 89.000
32.59755 73.000
32.61775 75.000
32.63794 81.000
32.65814 75.000
32.67834 69.000
32.69853 91.000
32.71873 85.000
32.73893 75.000
32.75912 68.000
32.77932 107.000
32.79952 91.000
32.81971 86.000
32.83991 89.000
32.86011 73.000
32.88030 80.000
32.90050 61.000
32.92070 77.000
32.94089 86.000
32.96109 84.000
32.98129 69.000
33.00148 81.000
33.02168 82.000
33.04187 71.000
33.06207 81.000
33.08227 78.000
33.10246 70.000
33.12266 87.000
33.14286 70.000
33.16305 72.000
33.18325 77.000
33.20345 99.000
33.22364 87.000
33.24384 97.000
33.26404 92.000
33.28423 66.000
33.30443 80.000
33.32463 74.000
33.34482 87.000
33.36502 78.000
33.38522 76.000
33.40541 91.000
33.42561 87.000
33.44581 74.000
33.46600 100.000
33.48620 80.000
33.50639 121.000
33.52659 97.000
33.54679 118.000
33.56698 118.000
33.58718 126.000
33.60738 157.000
33.62757 178.000
33.64777 173.000
33.66797 209.000
33.68816 239.000
33.70836 220.000
33.72856 289.000
33.74875 376.000
33.76895 323.000
33.78915 300.000
33.80934 260.000
33.82954 287.000
33.84974 218.000
33.86993 229.000
33.89013 158.000
33.91033 152.000
33.93052 148.000
33.95072 128.000
33.97092 117.000
33.99111 113.000
34.01131 115.000
34.03150 107.000
34.05170 103.000
34.07190 83.000
34.09209 81.000
34.11229 89.000
34.13249 75.000
34.15268 83.000
34.17288 91.000
34.19308 89.000
34.21327 75.000
34.23347 84.000
34.25367 73.000
34.27386 75.000
34.29406 70.000
34.31426 79.000
34.33445 76.000
34.35465 84.000
34.37485 70.000
34.39504 77.000
34.41524 82.000
34.43544 68.000
34.45563 86.000
34.47583 67.000
34.49603 82.000
34.51622 73.000
34.53642 97.000
34.55661 78.000
34.57681 69.000
34.59701 67.000
34.61720 81.000
34.63740 82.000
34.65760 87.000
34.67779 72.000
34.69799 71.000
34.71819 88.000
34.73838 70.000
34.75858 81.000
34.77878 66.000
34.79897 84.000
34.81917 71.000
34.83937 79.000
34.85956 75.000
34.87976 80.000
34.89996 66.000
34.92015 76.000
34.94035 84.000
34.96055 77.000
34.98074 74.000
35.00094 87.000
35.02113 78.000
35.04133 82.000
35.06153 85.000
35.08172 74.000
35.10192 83.000
35.12212 90.000
35.14231 82.000
35.16251 65.000
35.18271 74.000
35.20290 83.000
35.22310 83.000
35.24330 80.000
35.26349 80.000
35.28369 66.000
35.30389 77.000
35.32408 67.000
35.34428 70.000
35.36448 74.000
35.38467 61.000
35.40487 66.000
35.42507 78.000
35.44526 76.000
35.46546 58.000
35.48566 64.000
35.50585 67.000
35.52605 83.000
35.54624 83.000
35.56644 80.000
35.58664 72.000
35.60683 85.000
35.62703 79.000
35.64723 84.000
35.66742 85.000
35.68762 76.000
35.70782 89.000
35.72801 71.000
35.74821 74.000
35.76841 75.000
35.78860 83.000
35.80880 77.000
35.82900 82.000
35.84919 71.000
35.86939 85.000
35.88959 89.000
35.90978 103.000
35.92998 84.000
35.95018 87.000
35.97037 92.000
35.99057 83.000
36.01076 68.000
36.03096 96.000
36.05116 87.000
36.07135 100.000
36.09155 78.000
36.11175 81.000
36.13194 68.000
36.15214 74.000
36.17234 89.000
36.19253 74.000
36.21273 66.000
36.23293 95.000
36.25312 77.000
36.27332 74.000
36.29352 78.000
36.31371 83.000
36.33391 77.000
36.35411 78.000
36.37430 78.000
36.39450 77.000
36.41470 80.000
36.43489 90.000
36.45509 87.000
36.47529 67.000
36.49548 76.000
36.51568 81.000
36.53587 80.000
36.55607 79.000
36.57627 80.000
36.59646 71.000
36.61666 71.000
36.63686 60.000
36.65705 79.000
36.67725 71.000
36.69745 61.000
36.71764 79.000
36.73784 65.000
36.75804 79.000
36.77823 57.000
36.79843 65.000
36.81863 78.000
36.83882 79.000
36.85902 70.000
36.87922 74.000
36.89941 76.000
36.91961 81.000
36.93981 81.000
36.96000 80.000
36.98020 67.000
37.00039 78.000
37.02059 77.000
37.04079 83.000
37.06098 83.000
37.08118 87.000
37.10138 74.000
37.12157 92.000
37.14177 81.000
37.16197 86.000
37.18216 77.000
37.20236 83.000
37.22256 75.000
37.24275 74.000
37.26295 95.000
37.28315 72.000
37.30334 74.000
37.32354 80.000
37.34374 92.000
37.36393 63.000
37.38413 80.000
37.40433 64.000
37.42452 82.000
37.44472 75.000
37.46492 86.000
37.48511 83.000
37.50531 74.000
37.52550 76.000
37.54570 76.000
37.56590 79.000
37.58609 78.000
37.60629 78.000
37.62649 69.000
37.64668 77.000
37.66688 65.000
37.68708 68.000
37.70727 58.000
37.72747 67.000
37.74767 72.000
37.76786 58.000
37.78806 77.000
37.80826 74.000
37.82845 60.000
37.84865 76.000
37.86885 74.000
37.88904 83.000
37.90924 71.000
37.92944 76.000
37.94963 69.000
37.96983 94.000
37.99002 70.000
38.01022 75.000
38.03042 98.000
38.05061 92.000
38.07081 84.000
38.09101 82.000
38.11120 95.000
38.13140 106.000
38.15160 102.000
38.17179 96.000
38.19199 87.000
38.21219 102.000
38.23238 87.000
38.25258 108.000
38.27278 145.000
38.29297 111.000
38.31317 121.000
38.33337 112.000
38.35356 132.000
38.37376 118.000
38.39396 102.000
38.41415 110.000
38.43435 96.000
38.45455 93.000
38.47474 82.000
38.49494 80.000
38.51513 94.000
38.53533 87.000
38.55553 81.000
38.57572 84.000
38.59592 89.000
38.61612 96.000
38.63631 86.000
38.65651 100.000
38.67671 78.000
38.69690 68.000
38.71710 79.000
38.73730 93.000
38.75749 86.000
38.77769 79.000
38.79789 90.000
38.81808 87.000
38.83828 101.000
38.85848 82.000
38.87867 97.000
38.89887 104.000
38.91907 93.000
38.93926 89.000
38.95946 84.000
38.97965 90.000
38.99985 62.000
39.02005 81.000
39.04024 81.000
39.06044 87.000
39.08064 80.000
39.10083 74.000
39.12103 72.000
39.14123 84.000
39.16142 73.000
39.18162 86.000
39.20182 67.000
39.22201 78.000
39.24221 58.000
39.26241 90.000
39.28260 85.000
39.30280 79.000
39.32300 85.000
39.34319 85.000
39.36339 87.000
39.38359 77.000
39.40378 75.000
39.42398 68.000
39.44418 90.000
39.46437 79.000
39.48457 60.000
39.50476 81.000
39.52496 92.000
39.54516 69.000
39.56535 70.000
39.58555 74.000
39.60575 71.000
39.62594 76.000
39.64614 55.000
39.66634 94.000
39.68653 89.000
39.70673 89.000
39.72693 79.000
39.74712 87.000
39.76732 77.000
39.78752 72.000
39.80771 72.000
39.82791 70.000
39.84811 75.000
39.86830 83.000
39.88850 79.000
39.90870 77.000
39.92889 86.000
39.94909 84.000
39.96928 61.000
39.98948 80.000
40.00968 70.000
40.02987 88.000
40.05007 73.000
40.07027 63.000
40.09046 88.000
40.11066 72.000
40.13086 87.000
40.15105 84.000
40.17125 64.000
40.19145 65.000
40.21164 73.000
40.23184 70.000
40.25204 61.000
40.27223 80.000
40.29243 73.000
40.31263 79.000
40.33282 87.000
40.35302 76.000
40.37322 58.000
40.39341 75.000
40.41361 95.000
40.43381 77.000
40.45400 85.000
40.47420 71.000
40.49439 82.000
40.51459 92.000
40.53479 83.000
40.55498 80.000
40.57518 82.000
40.59538 75.000
40.61557 90.000
40.63577 75.000
40.65597 78.000
40.67616 83.000
40.69636 65.000
40.71656 89.000
40.73675 77.000
40.75695 74.000
40.77715 71.000
40.79734 75.000
40.81754 75.000
40.83774 83.000
40.85793 78.000
40.87813 71.000
40.89833 94.000
40.91852 99.000
40.93872 88.000
40.95891 87.000
40.97911 97.000
40.99931 77.000
41.01950 94.000
41.03970 76.000
41.05990 73.000
41.08009 65.000
41.10029 70.000
41.12049 71.000
41.14068 104.000
41.16088 75.000
41.18108 71.000
41.20127 79.000
41.22147 85.000
41.24167 67.000
41.26186 73.000
41.28206 82.000
41.30226 79.000
41.32245 74.000
41.34265 94.000
41.36285 74.000
41.38304 74.000
41.40324 75.000
41.42344 80.000
41.44363 74.000
41.46383 66.000
41.48402 73.000
41.50422 81.000
41.52442 99.000
41.54461 80.000
41.56481 79.000
41.58501 87.000
41.60520 77.000
41.62540 76.000
41.64560 75.000
41.66579 67.000
41.68599 80.000
41.70619 81.000
41.72638 90.000
41.74658 72.000
41.76678 93.000
41.78697 90.000
41.80717 70.000
41.82737 81.000
41.84756 75.000
41.86776 81.000
41.88796 83.000
41.90815 84.000
41.92835 77.000
41.94854 85.000
41.96874 86.000
41.98894 83.000
42.00913 96.000
42.02933 91.000
42.04953 94.000
42.06972 75.000
42.08992 107.000
42.11012 96.000
42.13031 96.000
42.15051 81.000
42.17071 86.000
42.19090 85.000
42.21110 78.000
42.23130 80.000
42.25149 91.000
42.27169 83.000
42.29189 73.000
42.31208 95.000
42.33228 76.000
42.35248 100.000
42.37267 86.000
42.39287 95.000
42.41307 92.000
42.43326 72.000
42.45346 97.000
42.47365 99.000
42.49385 88.000
42.51405 100.000
42.53424 125.000
42.55444 118.000
42.57464 98.000
42.59483 109.000
42.61503 107.000
42.63523 113.000
42.65542 128.000
42.67562 135.000
42.69582 125.000
42.71601 151.000
42.73621 153.000
42.75641 168.000
42.77660 164.000
42.79680 178.000
42.81700 207.000
42.83719 246.000
42.85739 296.000
42.87759 407.000
42.89778 468.000
42.91798 653.000
42.93817 788.000
42.95837 862.000
42.97857 946.000
42.99876 1013.000
43.01896 1157.000
43.03916 1486.000
43.05935 1618.000
43.07955 1829.000
43.09975 1524.000
43.11994 1165.000
43.14014 1009.000
43.16034 982.000
43.18053 992.000
43.20073 898.000
43.22093 729.000
43.24112 551.000
43.26132 422.000
43.28152 365.000
43.30171 296.000
43.32191 276.000
43.34211 287.000
43.36230 260.000
43.38250 221.000
43.40270 218.000
43.42289 178.000
43.44309 203.000
43.46328 157.000
43.48348 158.000
43.50368 125.000
43.52387 128.000
43.54407 117.000
43.56427 124.000
43.58446 112.000
43.60466 111.000
43.62486 114.000
43.64505 118.000
43.66525 111.000
43.68545 116.000
43.70564 117.000
43.72584 109.000
43.74604 119.000
43.76623 120.000
43.78643 119.000
43.80663 103.000
43.82682 94.000
43.84702 101.000
43.86722 100.000
43.88741 96.000
43.90761 119.000
43.92780 122.000
43.94800 119.000
43.96820 100.000
43.98839 114.000
44.00859 112.000
44.02879 90.000
44.04898 106.000
44.06918 104.000
44.08938 108.000
44.10957 104.000
44.12977 104.000
44.14997 109.000
44.17016 116.000
44.19036 108.000
44.21056 112.000
44.23075 130.000
44.25095 135.000
44.27115 135.000
44.29134 128.000
44.31154 142.000
44.33174 112.000
44.35193 139.000
44.37213 118.000
44.39233 124.000
44.41252 115.000
44.43272 140.000
44.45291 136.000
44.47311 146.000
44.49331 129.000
44.51350 123.000
44.53370 147.000
44.55390 165.000
44.57409 153.000
44.59429 186.000
44.61449 179.000
44.63468 180.000
44.65488 204.000
44.67508 219.000
44.69527 189.000
44.71547 211.000
44.73567 182.000
44.75586 169.000
44.77606 181.000
44.79626 173.000
44.81645 175.000
44.83665 162.000
44.85685 158.000
44.87704 157.000
44.89724 164.000
44.91743 141.000
44.93763 137.000
44.95783 132.000
44.97802 137.000
44.99822 158.000
45.01842 158.000
45.03861 136.000
45.05881 165.000
45.07901 138.000
45.09920 136.000
45.11940 109.000
45.13960 115.000
45.15979 118.000
45.17999 100.000
45.20019 110.000
45.22038 87.000
45.24058 101.000
45.26078 92.000
45.28097 106.000
45.30117 88.000
45.32137 93.000
45.34156 101.000
45.36176 84.000
45.38196 120.000
45.40215 86.000
45.42235 89.000
45.44254 96.000
45.46274 112.000
45.48294 112.000
45.50313 87.000
45.52333 89.000
45.54353 92.000
45.56372 101.000
45.58392 88.000
45.60412 105.000
45.62431 115.000
45.64451 93.000
45.66471 121.000
45.68490 114.000
45.70510 134.000
45.72530 126.000
45.74549 133.000
45.76569 154.000
45.78589 152.000
45.80608 160.000
45.82628 157.000
45.84648 165.000
45.86667 156.000
45.88687 132.000
45.90706 105.000
45.92726 146.000
45.94746 132.000
45.96765 136.000
45.98785 113.000
46.00805 103.000
46.02824 86.000
46.04844 75.000
46.06864 82.000
46.08883 94.000
46.10903 98.000
46.12923 92.000
46.14942 83.000
46.16962 99.000
46.18982 95.000
46.21001 83.000
46.23021 85.000
46.25041 81.000
46.27060 81.000
46.29080 85.000
46.31100 88.000
46.33119 69.000
46.35139 75.000
46.37159 81.000
46.39178 82.000
46.41198 76.000
46.43217 97.000
46.45237 94.000
46.47257 77.000
46.49276 93.000
46.51296 77.000
46.53316 78.000
46.55335 83.000
46.57355 71.000
46.59375 78.000
46.61394 88.000
46.63414 90.000
46.65434 81.000
46.67453 71.000
46.69473 85.000
46.71493 89.000
46.73512 87.000
46.75532 96.000
46.77552 81.000
46.79571 78.000
46.81591 78.000
46.83611 97.000
46.85630 73.000
46.87650 69.000
46.89669 67.000
46.91689 74.000
46.93709 72.000
46.95728 73.000
46.97748 77.000
46.99768 61.000
47.01787 99.000
47.03807 69.000
47.05827 85.000
47.07846 100.000
47.09866 85.000
47.11886 76.000
47.13905 89.000
47.15925 73.000
47.17945 81.000
47.19964 93.000
47.21984 75.000
47.24004 75.000
47.26023 80.000
47.28043 63.000
47.30063 73.000
47.32082 74.000
47.34102 68.000
47.36122 88.000
47.38141 72.000
47.40161 73.000
47.42180 68.000
47.44200 78.000
47.46220 67.000
47.48239 71.000
47.50259 81.000
47.52279 79.000
47.54298 87.000
47.56318 97.000
47.58338 75.000
47.60357 77.000
47.62377 87.000
47.64397 72.000
47.66416 88.000
47.68436 75.000
47.70456 69.000
47.72475 96.000
47.74495 82.000
47.76515 87.000
47.78534 77.000
47.80554 74.000
47.82574 90.000
47.84593 93.000
47.86613 88.000
47.88633 87.000
47.90652 92.000
47.92672 70.000
47.94691 68.000
47.96711 71.000
47.98731 82.000
48.00750 81.000
48.02770 81.000
48.04790 77.000
48.06809 88.000
48.08829 71.000
48.10849 79.000
48.12868 80.000
48.14888 89.000
48.16908 63.000
48.18927 87.000
48.20947 65.000
48.22967 69.000
48.24986 73.000
48.27006 68.000
48.29026 68.000
48.31045 95.000
48.33065 80.000
48.35085 66.000
48.37104 84.000
48.39124 80.000
48.41143 79.000
48.43163 71.000
48.45183 78.000
48.47202 77.000
48.49222 73.000
48.51242 78.000
48.53261 80.000
48.55281 78.000
48.57301 86.000
48.59320 79.000
48.61340 107.000
48.63360 65.000
48.65379 88.000
48.67399 90.000
48.69419 80.000
48.71438 92.000
48.73458 72.000
48.75478 83.000
48.77497 99.000
48.79517 83.000
48.81537 78.000
48.83556 70.000
48.85576 74.000
48.87596 82.000
48.89615 90.000
48.91635 83.000
48.93654 78.000
48.95674 81.000
48.97694 71.000
48.99713 75.000
49.01733 94.000
49.03753 77.000
49.05772 87.000
49.07792 76.000
49.09812 79.000
49.11831 74.000
49.13851 73.000
49.15871 84.000
49.17890 98.000
49.19910 69.000
49.21930 90.000
49.23949 89.000
49.25969 74.000
49.27989 71.000
49.30008 94.000
49.32028 86.000
49.34048 90.000
49.36067 78.000
49.38087 76.000
49.40106 83.000
49.42126 75.000
49.44146 80.000
49.46165 81.000
49.48185 86.000
49.50205 79.000
49.52224 78.000
49.54244 75.000
49.56264 82.000
49.58283 90.000
49.60303 75.000
49.62323 96.000
49.64342 92.000
49.66362 76.000
49.68382 94.000
49.70401 85.000
49.72421 84.000
49.74441 74.000
49.76460 89.000
49.78480 96.000
49.80500 85.000
49.82519 63.000
49.84539 86.000
49.86559 84.000
49.88578 95.000
49.90598 103.000
49.92617 91.000
49.94637 73.000
49.96657 79.000
49.98676 81.000
50.00696 78.000
50.02716 82.000
50.04735 73.000
50.06755 86.000
50.08775 83.000
50.10794 87.000
50.12814 94.000
50.14834 85.000
50.16853 87.000
50.18873 80.000
50.20893 78.000
50.22912 72.000
50.24932 93.000
50.26952 89.000
50.28971 84.000
50.30991 85.000
50.33011 107.000
50.35030 93.000
50.37050 100.000
50.39069 80.000
50.41089 90.000
50.43109 102.000
50.45128 91.000
50.47148 93.000
50.49168 96.000
50.51187 110.000
50.53207 104.000
50.55227 116.000
50.57246 102.000
50.59266 94.000
50.61286 118.000
50.63305 124.000
50.65325 126.000
50.67345 122.000
50.69364 132.000
50.71384 132.000
50.73404 156.000
50.75423 151.000
50.77443 197.000
50.79463 235.000
50.81482 361.000
50.83502 372.000
50.85522 427.000
50.87541 477.000
50.89561 498.000
50.91580 486.000
50.93600 567.000
50.95620 774.000
50.97639 806.000
50.99659 781.000
51.01679 656.000
51.03698 559.000
51.05718 490.000
51.07738 475.000
51.09757 462.000
51.11777 434.000
51.13797 409.000
51.15816 291.000
51.17836 283.000
51.19856 228.000
51.21875 211.000
51.23895 189.000
51.25915 166.000
51.27934 159.000
51.29954 134.000
51.31974 155.000
51.33993 142.000
51.36013 103.000
51.38032 115.000
51.40052 126.000
51.42072 89.000
51.44091 112.000
51.46111 93.000
51.48131 91.000
51.50150 109.000
51.52170 96.000
51.54190 84.000
51.56209 103.000
51.58229 89.000
51.60249 82.000
51.62268 84.000
51.64288 78.000
51.66308 82.000
51.68327 84.000
51.70347 78.000
51.72367 78.000
51.74386 82.000
51.76406 89.000
51.78426 96.000
51.80445 98.000
51.82465 99.000
51.84485 76.000
51.86504 83.000
51.88524 97.000
51.90543 97.000
51.92563 92.000
51.94583 103.000
51.96602 97.000
51.98622 86.000
52.00642 86.000
52.02661 82.000
52.04681 86.000
52.06701 95.000
52.08720 85.000
52.10740 80.000
52.12760 86.000
52.14779 88.000
52.16799 82.000
52.18819 90.000
52.20838 72.000
52.22858 84.000
52.24878 82.000
52.26897 88.000
52.28917 74.000
52.30937 84.000
52.32956 80.000
52.34976 83.000
52.36995 88.000
52.39015 86.000
52.41035 79.000
52.43054 90.000
52.45074 93.000
52.47094 92.000
52.49113 81.000
52.51133 77.000
52.53153 65.000
52.55172 82.000
52.57192 95.000
52.59212 79.000
52.61231 85.000
52.63251 77.000
52.65271 114.000
52.67290 73.000
52.69310 95.000
52.71330 80.000
52.73349 83.000
52.75369 82.000
52.77389 68.000
52.79408 80.000
52.81428 83.000
52.83448 86.000
52.85467 89.000
52.87487 83.000
52.89506 99.000
52.91526 72.000
52.93546 107.000
52.95565 89.000
52.97585 81.000
52.99605 84.000
53.01624 78.000
53.03644 81.000
53.05664 92.000
53.07683 72.000
53.09703 81.000
53.11723 83.000
53.13742 82.000
53.15762 94.000
53.17782 85.000
53.19801 87.000
53.21821 98.000
53.23841 92.000
53.25860 117.000
53.27880 107.000
53.29900 125.000
53.31919 107.000
53.33939 118.000
53.35958 130.000
53.37978 138.000
53.39998 184.000
53.42017 190.000
53.44037 153.000
53.46057 146.000
53.48076 140.000
53.50096 129.000
53.52116 137.000
53.54135 110.000
53.56155 133.000
53.58175 116.000
53.60194 100.000
53.62214 85.000
53.64234 97.000
53.66253 93.000
53.68273 97.000
53.70293 120.000
53.72312 86.000
53.74332 85.000
53.76352 85.000
53.78371 111.000
53.80391 87.000
53.82411 110.000
53.84430 90.000
53.86450 82.000
53.88469 89.000
53.90489 89.000
53.92509 76.000
53.94528 73.000
53.96548 67.000
53.98568 72.000
54.00587 88.000
54.02607 90.000
54.04627 87.000
54.06646 69.000
54.08666 96.000
54.10686 107.000
54.12705 99.000
54.14725 104.000
54.16745 94.000
54.18764 97.000
54.20784 77.000
54.22804 71.000
54.24823 94.000
54.26843 82.000
54.28863 93.000
54.30882 73.000
54.32902 82.000
54.34921 83.000
54.36941 75.000
54.38961 83.000
54.40980 97.000
54.43000 66.000
54.45020 101.000
54.47039 72.000
54.49059 75.000
54.51079 81.000
54.53098 70.000
54.55118 84.000
54.57138 76.000
54.59157 88.000
54.61177 87.000
54.63197 77.000
54.65216 69.000
54.67236 68.000
54.69256 83.000
54.71275 76.000
54.73295 79.000
54.75315 78.000
54.77334 88.000
54.79354 90.000
54.81374 101.000
54.83393 75.000
54.85413 84.000
54.87432 78.000
54.89452 95.000
54.91472 81.000
54.93491 90.000
54.95511 108.000
54.97531 112.000
54.99550 107.000
55.01570 112.000
55.03590 114.000
55.05609 106.000
55.07629 107.000
55.09649 122.000
55.11668 104.000
55.13688 128.000
55.15708 113.000
55.17727 106.000
55.19747 100.000
55.21767 117.000
55.23786 92.000
55.25806 104.000
55.27826 95.000
55.29845 95.000
55.31865 102.000
55.33884 94.000
55.35904 95.000
55.37924 102.000
55.39943 97.000
55.41963 86.000
55.43983 83.000
55.46002 70.000
55.48022 87.000
55.50042 85.000
55.52061 83.000
55.54081 75.000
55.56101 99.000
55.58120 77.000
55.60140 73.000
55.62160 78.000
55.64179 67.000
55.66199 78.000
55.68219 92.000
55.70238 92.000
55.72258 91.000
55.74278 74.000
55.76297 72.000
55.78317 94.000
55.80337 76.000
55.82356 65.000
55.84376 75.000
55.86395 72.000
55.88415 70.000
55.90435 79.000
55.92454 85.000
55.94474 78.000
55.96494 70.000
55.98513 83.000
56.00533 88.000
56.02553 82.000
56.04572 92.000
56.06592 77.000
56.08612 91.000
56.10631 87.000
56.12651 73.000
56.14671 60.000
56.16690 86.000
56.18710 71.000
56.20730 96.000
56.22749 75.000
56.24769 94.000
56.26789 70.000
56.28808 80.000
56.30828 60.000
56.32847 75.000
56.34867 79.000
56.36887 69.000
56.38906 63.000
56.40926 67.000
56.42946 78.000
56.44965 81.000
56.46985 76.000
56.49005 94.000
56.51024 77.000
56.53044 78.000
56.55064 63.000
56.57083 79.000
56.59103 84.000
56.61123 80.000
56.63142 83.000
56.65162 81.000
56.67182 72.000
56.69201 87.000
56.71221 87.000
56.73241 86.000
56.75260 82.000
56.77280 90.000
56.79300 73.000
56.81319 68.000
56.83339 84.000
56.85358 82.000
56.87378 80.000
56.89398 83.000
56.91417 82.000
56.93437 69.000
56.95457 73.000
56.97476 73.000
56.99496 79.000
57.01516 85.000
57.03535 82.000
57.05555 80.000
57.07575 80.000
57.09594 71.000
57.11614 77.000
57.13634 89.000
57.15653 85.000
57.17673 69.000
57.19693 83.000
57.21712 87.000
57.23732 81.000
57.25752 79.000
57.27771 84.000
57.29791 79.000
57.31810 75.000
57.33830 90.000
57.35850 89.000
57.37869 90.000
57.39889 79.000
57.41909 70.000
57.43928 82.000
57.45948 72.000
57.47968 75.000
57.49987 68.000
57.52007 101.000
57.54027 86.000
57.56046 76.000
57.58066 68.000
57.60086 86.000
57.62105 80.000
57.64125 68.000
57.66145 87.000
57.68164 83.000
57.70184 97.000
57.72204 76.000
57.74223 72.000
57.76243 80.000
57.78263 68.000
57.80282 83.000
57.82302 104.000
57.84321 84.000
57.86341 93.000
57.88361 73.000
57.90380 88.000
57.92400 93.000
57.94420 104.000
57.96439 74.000
57.98459 63.000
58.00479 59.000
58.02498 78.000
58.04518 82.000
58.06538 82.000
58.08557 80.000
58.10577 86.000
58.12597 84.000
58.14616 80.000
58.16636 87.000
58.18656 90.000
58.20675 78.000
58.22695 85.000
58.24715 86.000
58.26734 87.000
58.28754 102.000
58.30773 79.000
58.32793 96.000
58.34813 93.000
58.36832 82.000
58.38852 83.000
58.40872 77.000
58.42891 82.000
58.44911 87.000
58.46931 101.000
58.48950 93.000
58.50970 102.000
58.52990 96.000
58.55009 80.000
58.57029 85.000
58.59049 90.000
58.61068 78.000
58.63088 96.000
58.65108 85.000
58.67127 87.000
58.69147 91.000
58.71167 79.000
58.73186 98.000
58.75206 78.000
58.77226 96.000
58.79245 73.000
58.81265 76.000
58.83284 85.000
58.85304 83.000
58.87324 99.000
58.89343 79.000
58.91363 89.000
58.93383 95.000
58.95402 80.000
58.97422 77.000
58.99442 78.000
59.01461 64.000
59.03481 85.000
59.05501 63.000
59.07520 63.000
59.09540 73.000
59.11560 73.000
59.13579 82.000
59.15599 78.000
59.17619 91.000
59.19638 71.000
59.21658 80.000
59.23678 78.000
59.25697 84.000
59.27717 85.000
59.29736 65.000
59.31756 77.000
59.33776 82.000
59.35795 73.000
59.37815 90.000
59.39835 86.000
59.41854 81.000
59.43874 69.000
59.45894 83.000
59.47913 80.000
59.49933 77.000
59.51953 65.000
59.53972 85.000
59.55992 89.000
59.58012 76.000
59.60031 74.000
59.62051 79.000
59.64071 79.000
59.66090 92.000
59.68110 89.000
59.70130 82.000
59.72149 88.000
59.74169 85.000
59.76189 91.000
59.78208 72.000
59.80228 67.000
59.82247 75.000
59.84267 74.000
59.86287 85.000
59.88306 73.000
59.90326 87.000
59.92346 87.000
59.94365 89.000
59.96385 95.000
59.98405 79.000
60.00424 75.000
60.02444 72.000
60.04464 87.000
60.06483 89.000
60.08503 65.000
60.10523 83.000
60.12542 89.000
60.14562 91.000
60.16582 77.000
60.18601 68.000
60.20621 75.000
60.22641 95.000
60.24660 83.000
60.26680 101.000
60.28699 102.000
60.30719 92.000
60.32739 87.000
60.34758 95.000
60.36778 95.000
60.38798 80.000
60.40817 72.000
60.42837 74.000
60.44857 92.000
60.46876 84.000
60.48896 69.000
60.50916 97.000
60.52935 101.000
60.54955 90.000
60.56975 68.000
60.58994 73.000
60.61014 101.000
60.63034 78.000
60.65053 74.000
60.67073 95.000
60.69093 97.000
60.71112 87.000
60.73132 86.000
60.75152 90.000
60.77171 74.000
60.79191 98.000
60.81210 99.000
60.83230 91.000
60.85250 108.000
60.87269 100.000
60.89289 94.000
60.91309 93.000
60.93328 104.000
60.95348 96.000
60.97368 84.000
60.99387 89.000
61.01407 88.000
61.03427 75.000
61.05446 83.000
61.07466 89.000
61.09486 88.000
61.11505 76.000
61.13525 74.000
61.15545 77.000
61.17564 90.000
61.19584 88.000
61.21604 78.000
61.23623 66.000
61.25643 85.000
61.27663 66.000
61.29682 90.000
61.31702 64.000
61.33721 85.000
61.35741 79.000
61.37761 77.000
61.39780 88.000
61.41800 75.000
61.43820 78.000
61.45839 69.000
61.47859 84.000
61.49879 65.000
61.51898 80.000
61.53918 79.000
61.55938 84.000
61.57957 80.000
61.59977 93.000
61.61997 76.000
61.64016 78.000
61.66036 60.000
61.68056 81.000
61.70075 79.000
61.72095 84.000
61.74115 89.000
61.76134 83.000
61.78154 87.000
61.80173 63.000
61.82193 85.000
61.84213 62.000
61.86232 81.000
61.88252 92.000
61.90272 86.000
61.92291 88.000
61.94311 89.000
61.96331 81.000
61.98350 89.000
62.00370 89.000
62.02390 83.000
62.04409 88.000
62.06429 89.000
62.08449 97.000
62.10468 91.000
62.12488 88.000
62.14508 86.000
62.16527 118.000
62.18547 106.000
62.20567 90.000
62.22586 102.000
62.24606 105.000
62.26626 83.000
62.28645 125.000
62.30665 133.000
62.32684 127.000
62.34704 148.000
62.36724 160.000
62.38743 151.000
62.40763 193.000
62.42783 198.000
62.44802 206.000
62.46822 226.000
62.48842 228.000
62.50861 300.000
62.52881 265.000
62.54901 257.000
62.56920 233.000
62.58940 229.000
62.60960 204.000
62.62979 173.000
62.64999 196.000
62.67019 190.000
62.69038 229.000
62.71058 183.000
62.73078 139.000
62.75097 152.000
62.77117 139.000
62.79136 133.000
62.81156 109.000
62.83176 105.000
62.85195 84.000
62.87215 96.000
62.89235 83.000
62.91254 97.000
62.93274 91.000
62.95294 87.000
62.97313 94.000
62.99333 91.000
63.01353 88.000
63.03372 79.000
63.05392 82.000
63.07412 97.000
63.09431 62.000
63.11451 75.000
63.13471 86.000
63.15490 100.000
63.17510 96.000
63.19530 74.000
63.21549 89.000
63.23569 71.000
63.25589 87.000
63.27608 76.000
63.29628 83.000
63.31647 74.000
63.33667 74.000
63.35687 86.000
63.37706 85.000
63.39726 88.000
63.41746 85.000
63.43765 87.000
63.45785 81.000
63.47805 81.000
63.49824 80.000
63.51844 86.000
63.53864 88.000
63.55883 83.000
63.57903 79.000
63.59923 85.000
63.61942 88.000
63.63962 88.000
63.65982 71.000
63.68001 97.000
63.70021 86.000
63.72041 75.000
63.74060 98.000
63.76080 68.000
63.78099 88.000
63.80119 74.000
63.82139 79.000
63.84158 81.000
63.86178 90.000
63.88198 91.000
63.90217 90.000
63.92237 76.000
63.94257 88.000
63.96276 92.000
63.98296 93.000
64.00316 79.000
64.02335 60.000
64.04355 80.000
64.06375 80.000
64.08394 74.000
64.10414 85.000
64.12434 79.000
64.14453 95.000
64.16473 80.000
64.18493 89.000
64.20512 70.000
64.22532 83.000
64.24552 85.000
64.26571 66.000
64.28591 103.000
64.30610 104.000
64.32630 78.000
64.34650 93.000
64.36669 89.000
64.38689 95.000
64.40709 112.000
64.42728 91.000
64.44748 92.000
64.46768 98.000
64.48787 95.000
64.50807 119.000
64.52827 129.000
64.54846 111.000
64.56866 132.000
64.58886 135.000
64.60905 138.000
64.62925 153.000
64.64945 159.000
64.66964 158.000
64.68984 141.000
64.71004 148.000
64.73023 137.000
64.75043 140.000
64.77062 128.000
64.79082 123.000
64.81102 111.000
64.83121 125.000
64.85141 142.000
64.87161 118.000
64.89180 129.000
64.91200 130.000
64.93220 114.000
64.95239 93.000
64.97259 88.000
64.99279 94.000
65.01298 76.000
65.03318 86.000
65.05338 93.000
65.07357 107.000
65.09377 83.000
65.11397 97.000
65.13416 92.000
65.15436 95.000
65.17456 87.000
65.19475 70.000
65.21495 88.000
65.23515 100.000
65.25534 86.000
65.27554 72.000
65.29573 83.000
65.31593 85.000
65.33613 101.000
65.35632 81.000
65.37652 94.000
65.39672 81.000
65.41691 99.000
65.43711 82.000
65.45731 80.000
65.47750 89.000
65.49770 90.000
65.51790 95.000
65.53809 87.000
65.55829 85.000
65.57849 95.000
65.59868 84.000
65.61888 86.000
65.63908 79.000
65.65927 81.000
65.67947 97.000
65.69967 85.000
65.71986 80.000
65.74006 94.000
65.76025 97.000
65.78045 74.000
65.80065 85.000
65.82084 76.000
65.84104 80.000
65.86124 74.000
65.88143 78.000
65.90163 90.000
65.92183 81.000
65.94202 69.000
65.96222 85.000
65.98242 90.000
66.00261 92.000
66.02281 84.000
66.04301 79.000
66.06320 82.000
66.08340 95.000
66.10360 91.000
66.12379 67.000
66.14399 72.000
66.16419 92.000
66.18438 78.000
66.20458 81.000
66.22478 80.000
66.24497 78.000
66.26517 78.000
66.28536 89.000
66.30556 75.000
66.32576 86.000
66.34595 87.000
66.36615 79.000
66.38635 70.000
66.40654 77.000
66.42674 80.000
66.44694 84.000
66.46713 86.000
66.48733 81.000
66.50753 75.000
66.52772 84.000
66.54792 79.000
66.56812 74.000
66.58831 76.000
66.60851 74.000
66.62871 89.000
66.64890 71.000
66.66910 85.000
66.68930 79.000
66.70949 88.000
66.72969 94.000
66.74988 80.000
66.77008 86.000
66.79028 82.000
66.81047 97.000
66.83067 92.000
66.85087 89.000
66.87106 92.000
66.89126 82.000
66.91146 77.000
66.93165 90.000
66.95185 82.000
66.97205 85.000
66.99224 74.000
67.01244 82.000
67.03264 77.000
67.05283 61.000
67.07303 85.000
67.09323 83.000
67.11342 80.000
67.13362 84.000
67.15382 77.000
67.17401 82.000
67.19421 72.000
67.21441 74.000
67.23460 88.000
67.25480 99.000
67.27499 66.000
67.29519 82.000
67.31539 76.000
67.33558 87.000
67.35578 74.000
67.37598 98.000
67.39617 82.000
67.41637 82.000
67.43657 74.000
67.45676 86.000
67.47696 74.000
67.49716 81.000
67.51735 85.000
67.53755 87.000
67.55775 82.000
67.57794 83.000
67.59814 86.000
67.61834 88.000
67.63853 94.000
67.65873 74.000
67.67893 94.000
67.69912 90.000
67.71932 83.000
67.73951 87.000
67.75971 79.000
67.77991 81.000
67.80010 96.000
67.82030 81.000
67.84050 82.000
67.86069 77.000
67.88089 102.000
67.90109 93.000
67.92128 81.000
67.94148 85.000
67.96168 93.000
67.98187 84.000
68.00207 93.000
68.02227 85.000
68.04246 95.000
68.06266 81.000
68.08286 67.000
68.10305 74.000
68.12325 75.000
68.14345 95.000
68.16364 94.000
68.18384 76.000
68.20404 88.000
68.22423 94.000
68.24443 91.000
68.26462 85.000
68.28482 105.000
68.30502 77.000
68.32521 78.000
68.34541 90.000
68.36561 83.000
68.38580 75.000
68.40600 98.000
68.42620 90.000
68.44639 97.000
68.46659 100.000
68.48679 93.000
68.50698 92.000
68.52718 97.000
68.54738 90.000
68.56757 99.000
68.58777 106.000
68.60797 122.000
68.62816 127.000
68.64836 126.000
68.66856 134.000
68.68875 147.000
68.70895 181.000
68.72914 192.000
68.74934 211.000
68.76954 237.000
68.78973 265.000
68.80993 280.000
68.83013 294.000
68.85032 303.000
68.87052 312.000
68.89072 270.000
68.91091 272.000
68.93111 230.000
68.95131 224.000
68.97150 213.000
68.99170 190.000
69.01190 239.000
69.03209 227.000
69.05229 241.000
69.07249 224.000
69.09268 203.000
69.11288 173.000
69.13308 149.000
69.15327 127.000
69.17347 132.000
69.19367 118.000
69.21386 124.000
69.23406 109.000
69.25425 104.000
69.27445 113.000
69.29465 104.000
69.31484 94.000
69.33504 94.000
69.35524 111.000
69.37543 92.000
69.39563 89.000
69.41583 75.000
69.43602 93.000
69.45622 112.000
69.47642 81.000
69.49661 79.000
69.51681 97.000
69.53701 77.000
69.55720 113.000
69.57740 68.000
69.59760 84.000
69.61779 98.000
69.63799 82.000
69.65819 90.000
69.67838 77.000
69.69858 83.000
69.71877 86.000
69.73897 84.000
69.75917 84.000
69.77936 94.000
69.79956 88.000
69.81976 77.000
69.83995 94.000
69.86015 75.000
69.88035 83.000
69.90054 85.000
69.92074 96.000
69.94094 79.000
69.96113 73.000
69.98133 73.000
70.00153 101.000
70.02172 85.000
70.04192 96.000
70.06212 80.000
70.08231 93.000
70.10251 83.000
70.12271 86.000
70.14290 81.000
70.16310 70.000
70.18330 85.000
70.20349 78.000
70.22369 107.000
70.24388 99.000
70.26408 88.000
70.28428 93.000
70.30447 82.000
70.32467 100.000
70.34487 99.000
70.36506 94.000
70.38526 94.000
70.40546 83.000
70.42565 91.000
70.44585 94.000
70.46605 91.000
70.48624 83.000
70.50644 90.000
70.52664 97.000
70.54683 75.000
70.56703 85.000
70.58723 95.000
70.60742 92.000
70.62762 74.000
70.64782 102.000
70.66801 108.000
70.68821 112.000
70.70840 96.000
70.72860 96.000
70.74880 118.000
70.76899 129.000
70.78919 122.000
70.80939 145.000
70.82958 150.000
70.84978 160.000
70.86998 154.000
70.89017 169.000
70.91037 172.000
70.93057 141.000
70.95076 161.000
70.97096 148.000
70.99116 126.000
71.01135 138.000
71.03155 150.000
71.05175 140.000
71.07194 127.000
71.09214 150.000
71.11234 133.000
71.13253 128.000
71.15273 117.000
71.17293 118.000
71.19312 124.000
71.21332 96.000
71.23351 97.000
71.25371 92.000
71.27391 112.000
71.29410 92.000
71.31430 92.000
71.33450 101.000
71.35469 86.000
71.37489 88.000
71.39509 91.000
71.41528 82.000
71.43548 82.000
71.45568 93.000
71.47587 81.000
71.49607 79.000
71.51627 83.000
71.53646 90.000
71.55666 88.000
71.57686 85.000
71.59705 64.000
71.61725 91.000
71.63745 78.000
71.65764 84.000
71.67784 80.000
71.69803 79.000
71.71823 86.000
71.73843 89.000
71.75862 73.000
71.77882 97.000
71.79902 78.000
71.81921 84.000
71.83941 86.000
71.85961 84.000
71.87980 77.000
71.90000 83.000
71.92020 89.000
71.94039 93.000
71.96059 72.000
71.98079 82.000
72.00098 92.000
72.02118 91.000
72.04138 101.000
72.06157 84.000
72.08177 83.000
72.10197 88.000
72.12216 76.000
72.14236 76.000
72.16256 89.000
72.18275 68.000
72.20295 96.000
72.22314 97.000
72.24334 99.000
72.26354 71.000
72.28373 74.000
72.30393 77.000
72.32413 85.000
72.34432 100.000
72.36452 100.000
72.38472 76.000
72.40491 58.000
72.42511 91.000
72.44531 86.000
72.46550 84.000
72.48570 99.000
72.50590 82.000
72.52609 96.000
72.54629 86.000
72.56649 98.000
72.58668 89.000
72.60688 100.000
72.62708 91.000
72.64727 87.000
72.66747 84.000
72.68766 88.000
72.70786 91.000
72.72806 97.000
72.74825 91.000
72.76845 86.000
72.78865 89.000
72.80884 100.000
72.82904 97.000
72.84924 116.000
72.86943 102.000
72.88963 100.000
72.90983 120.000
72.93002 108.000
72.95022 115.000
72.97042 108.000
72.99061 113.000
73.01081 117.000
73.03101 107.000
73.05120 114.000
73.07140 90.000
73.09160 105.000
73.11179 109.000
73.13199 101.000
73.15219 110.000
73.17238 87.000
73.19258 110.000
73.21277 90.000
73.23297 64.000
73.25317 101.000
73.27336 85.000
73.29356 76.000
73.31376 75.000
73.33395 88.000
73.35415 82.000
73.37435 80.000
73.39454 90.000
73.41474 95.000
73.43494 75.000
73.45513 69.000
73.47533 90.000
73.49553 79.000
73.51572 73.000
73.53592 83.000
73.55612 89.000
73.57631 80.000
73.59651 95.000
73.61671 77.000
73.63690 74.000
73.65710 79.000
73.67729 82.000
73.69749 73.000
73.71769 67.000
73.73788 73.000
73.75808 80.000
73.77828 76.000
73.79847 83.000
73.81867 84.000
73.83887 84.000
73.85906 81.000
73.87926 92.000
73.89946 78.000
73.91965 64.000
73.93985 93.000
73.96005 86.000
73.98024 81.000
74.00044 101.000
74.02064 83.000
74.04083 86.000
74.06103 79.000
74.08123 80.000
74.10142 81.000
74.12162 79.000
74.14182 88.000
74.16201 66.000
74.18221 77.000
74.20240 97.000
74.22260 84.000
74.24280 81.000
74.26299 81.000
74.28319 102.000
74.30339 80.000
74.32358 89.000
74.34378 90.000
74.36398 76.000
74.38417 81.000
74.40437 91.000
74.42457 68.000
74.44476 78.000
74.46496 92.000
74.48516 100.000
74.50535 81.000
74.52555 85.000
74.54575 98.000
74.56594 92.000
74.58614 85.000
74.60634 84.000
74.62653 92.000
74.64673 89.000
74.66693 89.000
74.68712 99.000
74.70732 89.000
74.72751 78.000
74.74771 96.000
74.76791 89.000
74.78810 82.000
74.80830 96.000
74.82850 79.000
74.84869 91.000
74.86889 100.000
74.88909 90.000
74.90928 98.000
74.92948 70.000
74.94968 101.000
74.96987 87.000
74.99007 71.000
75.01027 90.000
75.03046 94.000
75.05066 92.000
75.07086 75.000
75.09105 101.000
75.11125 86.000
75.13145 96.000
75.15164 85.000
75.17184 96.000
75.19203 91.000
75.21223 75.000
75.23243 93.000
75.25262 79.000
75.27282 64.000
75.29302 95.000
75.31321 82.000
75.33341 89.000
75.35361 82.000
75.37380 98.000
75.39400 86.000
75.41420 82.000
75.43439 95.000
75.45459 91.000
75.47479 88.000
75.49498 88.000
75.51518 73.000
75.53538 94.000
75.55557 78.000
75.57577 71.000
75.59597 70.000
75.61616 87.000
75.63636 72.000
75.65656 78.000
75.67675 87.000
75.69695 86.000
75.71714 87.000
75.73734 95.000
75.75754 88.000
75.77773 95.000
75.79793 92.000
75.81813 92.000
75.83832 97.000
75.85852 81.000
75.87872 87.000
75.89891 101.000
75.91911 89.000
75.93931 95.000
75.95950 94.000
75.97970 84.000
75.99990 93.000
76.02009 97.000
76.04029 86.000
76.06049 97.000
76.08068 101.000
76.10088 90.000
76.12108 87.000
76.14127 85.000
76.16147 74.000
76.18166 99.000
76.20186 94.000
76.22206 90.000
76.24225 96.000
76.26245 99.000
76.28265 91.000
76.30284 88.000
76.32304 93.000
76.34324 85.000
76.36343 79.000
76.38363 82.000
76.40383 84.000
76.42402 95.000
76.44422 95.000
76.46442 76.000
76.48461 88.000
76.50481 86.000
76.52501 106.000
76.54520 93.000
76.56540 106.000
76.58560 95.000
76.60579 71.000
76.62599 108.000
76.64619 100.000
76.66638 118.000
76.68658 97.000
76.70677 86.000
76.72697 91.000
76.74717 89.000
76.76736 105.000
76.78756 94.000
76.80776 87.000
76.82795 101.000
76.84815 98.000
76.86835 85.000
76.88854 105.000
76.90874 81.000
76.92894 100.000
76.94913 97.000
76.96933 97.000
76.98953 88.000
77.00972 75.000
77.02992 87.000
77.05012 89.000
77.07031 97.000
77.09051 86.000
77.11071 82.000
77.13090 95.000
77.15110 78.000
77.17129 117.000
77.19149 98.000
77.21169 86.000
77.23188 100.000
77.25208 97.000
77.27228 92.000
77.29247 79.000
77.31267 82.000
77.33287 94.000
77.35306 83.000
77.37326 103.000
77.39346 89.000
77.41365 95.000
77.43385 86.000
77.45405 94.000
77.47424 75.000
77.49444 89.000
77.51464 94.000
77.53483 84.000
77.55503 94.000
77.57523 85.000
77.59542 80.000
77.61562 93.000
77.63582 93.000
77.65601 99.000
77.67621 99.000
77.69640 82.000
77.71660 84.000
77.73680 102.000
77.75699 87.000
77.77719 99.000
77.79739 78.000
77.81758 85.000
77.83778 84.000
77.85798 91.000
77.87817 89.000
77.89837 79.000
77.91857 85.000
77.93876 94.000
77.95896 82.000
77.97916 93.000
77.99935 95.000
78.01955 90.000
78.03975 92.000
78.05994 102.000
78.08014 93.000
78.10034 92.000
78.12053 103.000
78.14073 115.000
78.16092 100.000
78.18112 103.000
78.20132 88.000
78.22151 115.000
78.24171 87.000
78.26191 87.000
78.28210 107.000
78.30230 104.000
78.32250 102.000
78.34269 104.000
78.36289 115.000
78.38309 97.000
78.40328 113.000
78.42348 112.000
78.44368 104.000
78.46387 92.000
78.48407 108.000
78.50427 108.000
78.52446 107.000
78.54466 100.000
78.56486 132.000
78.58505 113.000
78.60525 113.000
78.62545 127.000
78.64564 148.000
78.66584 140.000
78.68603 137.000
78.70623 160.000
78.72643 169.000
78.74662 240.000
78.76682 243.000
78.78702 316.000
78.80721 329.000
78.82741 372.000
78.84761 377.000
78.86780 427.000
78.88800 430.000
78.90820 413.000
78.92839 334.000
78.94859 296.000
78.96879 299.000
78.98898 257.000
79.00918 283.000
79.02938 283.000
79.04957 280.000
79.06977 279.000
79.08997 260.000
79.11016 287.000
79.13036 276.000
79.15055 251.000
79.17075 233.000
79.19095 182.000
79.21114 169.000
79.23134 130.000
79.25154 131.000
79.27173 145.000
79.29193 118.000
79.31213 111.000
79.33232 130.000
79.35252 114.000
79.37272 120.000
79.39291 108.000
79.41311 94.000
79.43331 99.000
79.45350 94.000
79.47370 99.000
79.49390 99.000
79.51409 91.000
79.53429 108.000
79.55449 83.000
79.57468 68.000
79.59488 77.000
79.61508 93.000
79.63527 60.000
79.65547 88.000
79.67566 93.000
79.69586 89.000
79.71606 87.000
79.73625 80.000
79.75645 106.000
79.77665 88.000
79.79684 81.000
79.81704 105.000
79.83724 76.000
79.85743 83.000
79.87763 87.000
79.89783 82.000
79.91802 95.000
79.93822 103.000
79.95842 89.000
79.97861 98.000
79.99881 79.000
80.01901 92.000
80.03920 86.000
80.05940 100.000
80.07960 84.000
80.09979 86.000
80.11999 95.000
80.14018 77.000
80.16038 87.000
80.18058 83.000
80.20077 82.000
80.22097 101.000
80.24117 89.000
80.26136 74.000
80.28156 86.000
80.30176 86.000
80.32195 91.000
80.34215 94.000
80.36235 105.000
80.38254 79.000
80.40274 93.000
80.42294 81.000
80.44313 101.000
80.46333 73.000
80.48353 81.000
80.50372 88.000
80.52392 88.000
80.54412 84.000
80.56431 79.000
80.58451 95.000
80.60471 68.000
80.62490 88.000
80.64510 79.000
80.66529 97.000
80.68549 84.000
80.70569 114.000
80.72588 78.000
80.74608 96.000
80.76628 110.000
80.78647 111.000
80.80667 114.000
80.82687 107.000
80.84706 104.000
80.86726 119.000
80.88746 92.000
80.90765 111.000
80.92785 107.000
80.94805 95.000
80.96824 118.000
80.98844 102.000
81.00864 99.000
81.02883 94.000
81.04903 88.000
81.06923 97.000
81.08942 108.000
81.10962 101.000
81.12981 85.000
81.15001 107.000
81.17021 96.000
81.19040 86.000
81.21060 95.000
81.23080 91.000
81.25099 92.000
81.27119 84.000
81.29139 94.000
81.31158 90.000
81.33178 90.000
81.35198 95.000
81.37217 82.000
81.39237 92.000
81.41257 100.000
81.43276 91.000
81.45296 102.000
81.47316 91.000
81.49335 94.000
81.51355 101.000
81.53375 104.000
81.55394 101.000
81.57414 86.000
81.59434 97.000
81.61453 99.000
81.63473 117.000
81.65492 88.000
81.67512 104.000
81.69532 120.000
81.71551 93.000
81.73571 91.000
81.75591 96.000
81.77610 91.000
81.79630 91.000
81.81650 103.000
81.83669 83.000
81.85689 87.000
81.87709 110.000
81.89728 112.000
81.91748 99.000
81.93768 89.000
81.95787 94.000
81.97807 94.000
81.99827 100.000
82.01846 91.000
82.03866 100.000
82.05886 98.000
82.07905 80.000
82.09925 91.000
82.11944 106.000
82.13964 91.000
82.15984 77.000
82.18003 68.000
82.20023 94.000
82.22043 89.000
82.24062 96.000
82.26082 77.000
82.28102 109.000
82.30121 74.000
82.32141 75.000
82.34161 103.000
82.36180 70.000
82.38200 89.000
82.40220 80.000
82.42239 97.000
82.44259 87.000
82.46279 86.000
82.48298 90.000
82.50318 88.000
82.52338 81.000
82.54357 95.000
82.56377 89.000
82.58397 104.000
82.60416 77.000
82.62436 105.000
82.64455 83.000
82.66475 97.000
82.68495 90.000
82.70514 103.000
82.72534 79.000
82.74554 104.000
82.76573 101.000
82.78593 99.000
82.80613 102.000
82.82632 97.000
82.84652 77.000
82.86672 90.000
82.88691 82.000
82.90711 90.000
82.92731 82.000
82.94750 91.000
82.96770 77.000
82.98790 80.000
83.00809 92.000
83.02829 87.000
83.04849 81.000
83.06868 89.000
83.08888 79.000
83.10907 102.000
83.12927 96.000
83.14947 90.000
83.16966 77.000
83.18986 92.000
83.21006 89.000
83.23025 82.000
83.25045 82.000
83.27065 76.000
83.29084 93.000
83.31104 106.000
83.33124 72.000
83.35143 100.000
83.37163 70.000
83.39183 86.000
83.41202 101.000
83.43222 104.000
83.45242 84.000
83.47261 83.000
83.49281 77.000
83.51301 104.000
83.53320 86.000
83.55340 82.000
83.57360 86.000
83.59379 79.000
83.61399 81.000
83.63418 68.000
83.65438 87.000
83.67458 99.000
83.69477 77.000
83.71497 90.000
83.73517 99.000
83.75536 89.000
83.77556 73.000
83.79576 104.000
83.81595 101.000
83.83615 77.000
83.85635 86.000
83.87654 92.000
83.89674 78.000
83.91694 84.000
83.93713 96.000
83.95733 83.000
83.97753 86.000
83.99772 95.000
84.01792 92.000
84.03812 105.000
84.05831 97.000
84.07851 83.000
84.09870 81.000
84.11890 96.000
84.13910 90.000
84.15929 74.000
84.17949 71.000
84.19969 103.000
84.21988 89.000
84.24008 101.000
84.26028 104.000
84.28047 90.000
84.30067 96.000
84.32087 103.000
84.34106 100.000
84.36126 89.000
84.38146 85.000
84.40165 112.000
84.42185 95.000
84.44205 101.000
84.46224 110.000
84.48244 93.000
84.50264 136.000
84.52283 149.000
84.54303 113.000
84.56323 138.000
84.58342 168.000
84.60362 175.000
84.62381 193.000
84.64401 207.000
84.66421 209.000
84.68440 261.000
84.70460 234.000
84.72480 246.000
84.74499 230.000
84.76519 190.000
84.78539 203.000
84.80558 174.000
84.82578 199.000
84.84598 145.000
84.86617 165.000
84.88637 151.000
84.90657 178.000
84.92676 168.000
84.94696 165.000
84.96716 183.000
84.98735 159.000
85.00755 160.000
85.02775 149.000
85.04794 113.000
85.06814 123.000
85.08833 120.000
85.10853 102.000
85.12873 102.000
85.14892 109.000
85.16912 96.000
85.18932 86.000
85.20951 117.000
85.22971 93.000
85.24991 93.000
85.27010 105.000
85.29030 78.000
85.31050 81.000
85.33069 113.000
85.35089 88.000
85.37109 77.000
85.39128 91.000
85.41148 78.000
85.43168 89.000
85.45187 95.000
85.47207 77.000
85.49227 93.000
85.51246 79.000
85.53266 74.000
85.55286 83.000
85.57305 88.000
85.59325 83.000
85.61344 86.000
85.63364 99.000
85.65384 103.000
85.67403 87.000
85.69423 73.000
85.71443 66.000
85.73462 88.000
85.75482 81.000
85.77502 95.000
85.79521 95.000
85.81541 81.000
85.83561 84.000
85.85580 89.000
85.87600 66.000
85.89620 79.000
85.91639 95.000
85.93659 78.000
85.95679 73.000
85.97698 85.000
85.99718 92.000
86.01738 96.000
86.03757 67.000
86.05777 81.000
86.07796 95.000
86.09816 91.000
86.11836 80.000
86.13855 95.000
86.15875 90.000
86.17895 82.000
86.19914 83.000
86.21934 79.000
86.23954 86.000
86.25973 77.000
86.27993 85.000
86.30013 83.000
86.32032 72.000
86.34052 91.000
86.36072 73.000
86.38091 89.000
86.40111 85.000
86.42131 86.000
86.44150 86.000
86.46170 84.000
86.48190 74.000
86.50209 84.000
86.52229 94.000
86.54249 77.000
86.56268 75.000
86.58288 82.000
86.60307 91.000
86.62327 99.000
86.64347 81.000
86.66366 77.000
86.68386 77.000
86.70406 99.000
86.72425 98.000
86.74445 88.000
86.76465 66.000
86.78484 79.000
86.80504 94.000
86.82524 102.000
86.84543 80.000
86.86563 81.000
86.88583 70.000
86.90602 92.000
86.92622 92.000
86.94642 81.000
86.96661 93.000
86.98681 77.000
87.00701 99.000
87.02720 89.000
87.04740 96.000
87.06759 91.000
87.08779 84.000
87.10799 87.000
87.12818 85.000
87.14838 81.000
87.16858 89.000
87.18877 68.000
87.20897 89.000
87.22917 79.000
87.24936 65.000
87.26956 86.000
87.28976 86.000
87.30995 100.000
87.33015 100.000
87.35035 99.000
87.37054 87.000
87.39074 86.000
87.41094 90.000
87.43113 107.000
87.45133 92.000
87.47153 83.000
87.49172 82.000
87.51192 77.000
87.53212 106.000
87.55231 94.000
87.57251 86.000
87.59270 91.000
87.61290 92.000
87.63310 87.000
87.65329 76.000
87.67349 86.000
87.69369 95.000
87.71388 79.000
87.73408 91.000
87.75428 95.000
87.77447 88.000
87.79467 78.000
87.81487 77.000
87.83506 77.000
87.85526 96.000
87.87546 83.000
87.89565 95.000
87.91585 88.000
87.93605 98.000
87.95624 86.000
87.97644 79.000
87.99664 79.000
88.01683 83.000
88.03703 83.000
88.05723 102.000
88.07742 84.000
88.09762 92.000
88.11781 77.000
88.13801 76.000
88.15821 76.000
88.17840 86.000
88.19860 84.000
88.21880 88.000
88.23899 84.000
88.25919 90.000
88.27939 96.000
88.29958 85.000
88.31978 92.000
88.33998 77.000
88.36017 78.000
88.38037 93.000
88.40057 94.000
88.42076 85.000
88.44096 103.000
88.46116 90.000
88.48135 110.000
88.50155 94.000
88.52175 106.000
88.54194 113.000
88.56214 98.000
88.58233 103.000
88.60253 112.000
88.62273 103.000
88.64292 110.000
88.66312 101.000
88.68332 103.000
88.70351 82.000
88.72371 101.000
88.74391 111.000
88.76410 114.000
88.78430 111.000
88.80450 105.000
88.82469 111.000
88.84489 83.000
88.86509 101.000
88.88528 94.000
88.90548 88.000
88.92568 98.000
88.94587 103.000
88.96607 73.000
88.98627 76.000
89.00646 78.000
89.02666 75.000
89.04686 89.000
89.06705 86.000
89.08725 88.000
89.10744 89.000
89.12764 77.000
89.14784 85.000
89.16803 76.000
89.18823 84.000
89.20843 68.000
89.22862 87.000
89.24882 82.000
89.26902 80.000
89.28921 77.000
89.30941 88.000
89.32961 77.000
89.34980 88.000
89.37000 69.000
89.39020 87.000
89.41039 86.000
89.43059 71.000
89.45079 90.000
89.47098 90.000
89.49118 87.000
89.51138 85.000
89.53157 81.000
89.55177 74.000
89.57196 87.000
89.59216 85.000
89.61236 87.000
89.63255 89.000
89.65275 102.000
89.67295 84.000
89.69314 101.000
89.71334 90.000
89.73354 87.000
89.75373 97.000
89.77393 97.000
89.79413 67.000
89.81432 77.000
89.83452 87.000
89.85472 79.000
89.87491 66.000
89.89511 80.000
89.91531 79.000
89.93550 76.000
89.95570 105.000
89.97590 90.000
89.99609 92.000
