9.99763 58.000
10.01783 68.000
10.03803 59.000
10.05822 49.000
10.07842 55.000
10.09862 60.000
10.11881 47.000
10.13901 53.000
10.15921 55.000
10.17940 55.000
10.19960 54.000
10.21979 50.000
10.23999 59.000
10.26019 61.000
10.28038 48.000
10.30058 60.000
10.32078 57.000
10.34097 63.000
10.36117 66.000
10.38137 54.000
10.40156 53.000
10.42176 64.000
10.44196 42.000
10.46215 42.000
10.48235 54.000
10.50255 46.000
10.52274 53.000
10.54294 63.000
10.56314 46.000
10.58333 51.000
10.60353 43.000
10.62373 62.000
10.64392 46.000
10.66412 60.000
10.68432 60.000
10.70451 53.000
10.72471 54.000
10.74490 63.000
10.76510 57.000
10.78530 53.000
10.80549 51.000
10.82569 61.000
10.84589 55.000
10.86608 43.000
10.88628 47.000
10.90648 68.000
10.92667 44.000
10.94687 48.000
10.96707 48.000
10.98726 41.000
11.00746 44.000
11.02766 59.000
11.04785 53.000
11.06805 38.000
11.08825 56.000
11.10844 45.000
11.12864 47.000
11.14884 49.000
11.16903 43.000
11.18923 41.000
11.20942 64.000
11.22962 60.000
11.24982 47.000
11.27001 62.000
11.29021 41.000
11.31041 53.000
11.33060 50.000
11.35080 49.000
11.37100 60.000
11.39119 49.000
11.41139 51.000
11.43159 56.000
11.45178 67.000
11.47198 54.000
11.49218 42.000
11.51237 44.000
11.53257 49.000
11.55277 31.000
11.57296 49.000
11.59316 51.000
11.61336 46.000
11.63355 58.000
11.65375 46.000
11.67395 57.000
11.69414 56.000
11.71434 46.000
11.73453 48.000
11.75473 58.000
11.77493 46.000
11.79512 41.000
11.81532 45.000
11.83552 44.000
11.85571 56.000
11.87591 48.000
11.89611 47.000
11.91630 49.000
11.93650 48.000
11.95670 35.000
11.97689 67.000
11.99709 39.000
12.01729 45.000
12.03748 42.000
12.05768 52.000
12.07788 46.000
12.09807 65.000
12.11827 47.000
12.13847 67.000
12.15866 42.000
12.17886 43.000
12.19905 52.000
12.21925 53.000
12.23945 50.000
12.25964 51.000
12.27984 41.000
12.30004 48.000
12.32023 50.000
12.34043 37.000
12.36063 44.000
12.38082 56.000
12.40102 48.000
12.42122 47.000
12.44141 47.000
12.46161 43.000
12.48181 34.000
12.50200 56.000
12.52220 48.000
12.54240 52.000
12.56259 38.000
12.58279 56.000
12.60299 48.000
12.62318 39.000
12.64338 46.000
12.66358 33.000
12.68377 55.000
12.70397 37.000
12.72416 44.000
12.74436 48.000
12.76456 47.000
12.78475 58.000
12.80495 43.000
12.82515 49.000
12.84534 67.000
12.86554 62.000
12.88574 51.000
12.90593 45.000
12.92613 59.000
12.94633 50.000
12.96652 41.000
12.98672 48.000
13.00692 43.000
13.02711 62.000
13.04731 75.000
13.06751 51.000
13.08770 60.000
13.10790 44.000
13.12810 63.000
13.14829 65.000
13.16849 60.000
13.18868 61.000
13.20888 52.000
13.22908 45.000
13.24927 52.000
13.26947 43.000
13.28967 66.000
13.30986 64.000
13.33006 54.000
13.35026 39.000
13.37045 53.000
13.39065 57.000
13.41085 61.000
13.43104 55.000
13.45124 53.000
13.47144 44.000
13.49163 54.000
13.51183 53.000
13.53203 45.000
13.55222 56.000
13.57242 55.000
13.59262 39.000
13.61281 51.000
13.63301 35.000
13.65321 52.000
13.67340 45.000
13.69360 43.000
13.71379 44.000
13.73399 46.000
13.75419 64.000
13.77438 52.000
13.79458 55.000
13.81478 45.000
13.83497 51.000
13.85517 48.000
13.87537 47.000
13.89556 39.000
13.91576 39.000
13.93596 44.000
13.95615 44.000
13.97635 50.000
13.99655 50.000
14.01674 50.000
14.03694 47.000
14.05714 42.000
14.07733 46.000
14.09753 49.000
14.11773 43.000
14.13792 45.000
14.15812 40.000
14.17831 47.000
14.19851 33.000
14.21871 46.000
14.23890 37.000
14.25910 53.000
14.27930 38.000
14.29949 58.000
14.31969 49.000
14.33989 42.000
14.36008 45.000
14.38028 52.000
14.40048 50.000
14.42067 45.000
14.44087 52.000
14.46107 64.000
14.48126 50.000
14.50146 44.000
14.52166 48.000
14.54185 55.000
14.56205 45.000
14.58225 58.000
14.60244 50.000
14.62264 46.000
14.64284 47.000
14.66303 53.000
14.68323 39.000
14.70342 32.000
14.72362 37.000
14.74382 38.000
14.76401 64.000
14.78421 60.000
14.80441 53.000
14.82460 44.000
14.84480 60.000
14.86500 57.000
14.88519 47.000
14.90539 58.000
14.92559 51.000
14.94578 61.000
14.96598 49.000
14.98618 42.000
15.00637 46.000
15.02657 49.000
15.04677 54.000
15.06696 49.000
15.08716 47.000
15.10736 36.000
15.12755 55.000
15.14775 70.000
15.16794 66.000
15.18814 49.000
15.20834 51.000
15.22853 55.000
15.24873 67.000
15.26893 73.000
15.28912 64.000
15.30932 63.000
15.32952 51.000
15.34971 94.000
15.36991 55.000
15.39011 67.000
15.41030 62.000
15.43050 76.000
15.45070 55.000
15.47089 65.000
15.49109 56.000
15.51129 64.000
15.53148 73.000
15.55168 52.000
15.57188 57.000
15.59207 71.000
15.61227 54.000
15.63247 52.000
15.65266 57.000
15.67286 59.000
15.69305 45.000
15.71325 61.000
15.73345 47.000
15.75364 48.000
15.77384 66.000
15.79404 57.000
15.81423 59.000
15.83443 52.000
15.85463 57.000
15.87482 45.000
15.89502 48.000
15.91522 57.000
15.93541 55.000
15.95561 48.000
15.97581 50.000
15.99600 51.000
16.01620 47.000
16.03640 51.000
16.05659 51.000
16.07679 53.000
16.09699 42.000
16.11718 41.000
16.13738 47.000
16.15757 46.000
16.17777 51.000
16.19797 68.000
16.21816 65.000
16.23836 48.000
16.25856 45.000
16.27875 51.000
16.29895 42.000
16.31915 53.000
16.33934 46.000
16.35954 41.000
16.37974 53.000
16.39993 43.000
16.42013 60.000
16.44033 47.000
16.46052 57.000
16.48072 52.000
16.50092 68.000
16.52111 49.000
16.54131 39.000
16.56151 54.000
16.58170 51.000
16.60190 66.000
16.62210 55.000
16.64229 32.000
16.66249 47.000
16.68268 55.000
16.70288 52.000
16.72308 53.000
16.74327 52.000
16.76347 63.000
16.78367 43.000
16.80386 45.000
16.82406 45.000
16.84426 54.000
16.86445 44.000
16.88465 48.000
16.90485 61.000
16.92504 51.000
16.94524 50.000
16.96544 61.000
16.98563 46.000
17.00583 52.000
17.02603 51.000
17.04622 51.000
17.06642 41.000
17.08662 62.000
17.10681 54.000
17.12701 56.000
17.14720 51.000
17.16740 55.000
17.18760 46.000
17.20779 50.000
17.22799 46.000
17.24819 49.000
17.26838 50.000
17.28858 38.000
17.30878 31.000
17.32897 52.000
17.34917 50.000
17.36937 49.000
17.38956 55.000
17.40976 51.000
17.42996 54.000
17.45015 56.000
17.47035 63.000
17.49055 42.000
17.51074 42.000
17.53094 50.000
17.55114 42.000
17.57133 59.000
17.59153 60.000
17.61173 46.000
17.63192 52.000
17.65212 61.000
17.67231 65.000
17.69251 51.000
17.71271 50.000
17.73290 44.000
17.75310 43.000
17.77330 53.000
17.79349 66.000
17.81369 58.000
17.83389 49.000
17.85408 35.000
17.87428 60.000
17.89448 55.000
17.91467 56.000
17.93487 58.000
17.95507 48.000
17.97526 46.000
17.99546 59.000
18.01566 59.000
18.03585 54.000
18.05605 49.000
18.07625 56.000
18.09644 47.000
18.11664 57.000
18.13683 66.000
18.15703 57.000
18.17723 57.000
18.19742 47.000
18.21762 42.000
18.23782 60.000
18.25801 56.000
18.27821 63.000
18.29841 60.000
18.31860 49.000
18.33880 62.000
18.35900 64.000
18.37919 57.000
18.39939 51.000
18.41959 49.000
18.43978 59.000
18.45998 53.000
18.48018 50.000
18.50037 47.000
18.52057 59.000
18.54077 56.000
18.56096 49.000
18.58116 55.000
18.60136 54.000
18.62155 45.000
18.64175 45.000
18.66194 43.000
18.68214 51.000
18.70234 51.000
18.72253 55.000
18.74273 56.000
18.76293 52.000
18.78312 62.000
18.80332 58.000
18.82352 56.000
18.84371 46.000
18.86391 56.000
18.88411 68.000
18.90430 46.000
18.92450 62.000
18.94470 63.000
18.96489 60.000
18.98509 57.000
19.00529 61.000
19.02548 56.000
19.04568 72.000
19.06588 52.000
19.08607 50.000
19.10627 52.000
19.12646 52.000
19.14666 62.000
19.16686 61.000
19.18705 66.000
19.20725 60.000
19.22745 62.000
19.24764 61.000
19.26784 59.000
19.28804 60.000
19.30823 47.000
19.32843 63.000
19.34863 62.000
19.36882 62.000
19.38902 74.000
19.40922 43.000
19.42941 54.000
19.44961 61.000
19.46981 62.000
19.49000 48.000
19.51020 54.000
19.53040 46.000
19.55059 64.000
19.57079 58.000
19.59099 62.000
19.61118 48.000
19.63138 46.000
19.65157 54.000
19.67177 62.000
19.69197 63.000
19.71216 50.000
19.73236 46.000
19.75256 51.000
19.77275 60.000
19.79295 57.000
19.81315 55.000
19.83334 64.000
19.85354 60.000
19.87374 66.000
19.89393 56.000
19.91413 54.000
19.93433 62.000
19.95452 62.000
19.97472 62.000
19.99492 68.000
20.01511 69.000
20.03531 61.000
20.05551 68.000
20.07570 55.000
20.09590 62.000
20.11609 58.000
20.13629 52.000
20.15649 61.000
20.17668 48.000
20.19688 54.000
20.21708 64.000
20.23727 59.000
20.25747 52.000
20.27767 50.000
20.29786 63.000
20.31806 66.000
20.33826 63.000
20.35845 62.000
20.37865 55.000
20.39885 73.000
20.41904 50.000
20.43924 56.000
20.45944 55.000
20.47963 67.000
20.49983 50.000
20.52003 67.000
20.54022 66.000
20.56042 56.000
20.58062 67.000
20.60081 58.000
20.62101 39.000
20.64120 53.000
20.66140 64.000
20.68160 67.000
20.70179 51.000
20.72199 66.000
20.74219 70.000
20.76238 61.000
20.78258 60.000
20.80278 56.000
20.82297 56.000
20.84317 63.000
20.86337 54.000
20.88356 52.000
20.90376 51.000
20.92396 62.000
20.94415 63.000
20.96435 84.000
20.98455 58.000
21.00474 63.000
21.02494 43.000
21.04514 70.000
21.06533 59.000
21.08553 57.000
21.10573 56.000
21.12592 61.000
21.14612 58.000
21.16631 52.000
21.18651 50.000
21.20671 61.000
21.22690 55.000
21.24710 60.000
21.26730 61.000
21.28749 58.000
21.30769 59.000
21.32789 78.000
21.34808 62.000
21.36828 66.000
21.38848 59.000
21.40867 70.000
21.42887 77.000
21.44907 57.000
21.46926 50.000
21.48946 52.000
21.50966 61.000
21.52985 44.000
21.55005 57.000
21.57025 69.000
21.59044 54.000
21.61064 60.000
21.63083 50.000
21.65103 67.000
21.67123 76.000
21.69142 56.000
21.71162 60.000
21.73182 57.000
21.75201 72.000
21.77221 57.000
21.79241 52.000
21.81260 57.000
21.83280 65.000
21.85300 58.000
21.87319 79.000
21.89339 62.000
21.91359 56.000
21.93378 55.000
21.95398 63.000
21.97418 58.000
21.99437 62.000
22.01457 65.000
22.03477 69.000
22.05496 60.000
22.07516 65.000
22.09536 65.000
22.11555 56.000
22.13575 71.000
22.15594 65.000
22.17614 54.000
22.19634 60.000
22.21653 55.000
22.23673 74.000
22.25693 67.000
22.27712 65.000
22.29732 68.000
22.31752 71.000
22.33771 64.000
22.35791 50.000
22.37811 81.000
22.39830 68.000
22.41850 70.000
22.43870 66.000
22.45889 62.000
22.47909 63.000
22.49929 66.000
22.51948 52.000
22.53968 61.000
22.55988 72.000
22.58007 57.000
22.60027 66.000
22.62046 63.000
22.64066 67.000
22.66086 62.000
22.68105 64.000
22.70125 60.000
22.72145 59.000
22.74164 76.000
22.76184 72.000
22.78204 58.000
22.80223 69.000
22.82243 61.000
22.84263 68.000
22.86282 59.000
22.88302 57.000
22.90322 69.000
22.92341 66.000
22.94361 69.000
22.96381 62.000
22.98400 67.000
23.00420 65.000
23.02440 69.000
23.04459 56.000
23.06479 67.000
23.08499 49.000
23.10518 66.000
23.12538 64.000
23.14557 71.000
23.16577 83.000
23.18597 72.000
23.20616 70.000
23.22636 61.000
23.24656 59.000
23.26675 62.000
23.28695 57.000
23.30715 58.000
23.32734 65.000
23.34754 61.000
23.36774 79.000
23.38793 74.000
23.40813 69.000
23.42833 64.000
23.44852 63.000
23.46872 64.000
23.48892 85.000
23.50911 59.000
23.52931 54.000
23.54951 70.000
23.56970 72.000
23.58990 71.000
23.61009 68.000
23.63029 68.000
23.65049 65.000
23.67068 72.000
23.69088 72.000
23.71108 59.000
23.73127 60.000
23.75147 75.000
23.77167 78.000
23.79186 60.000
23.81206 72.000
23.83226 66.000
23.85245 76.000
23.87265 69.000
23.89285 67.000
23.91304 74.000
23.93324 68.000
23.95344 72.000
23.97363 68.000
23.99383 63.000
24.01403 73.000
24.03422 48.000
24.05442 74.000
24.07462 59.000
24.09481 72.000
24.11501 69.000
24.13520 73.000
24.15540 63.000
24.17560 71.000
24.19579 65.000
24.21599 63.000
24.23619 64.000
24.25638 62.000
24.27658 91.000
24.29678 65.000
24.31697 75.000
24.33717 71.000
24.35737 75.000
24.37756 70.000
24.39776 70.000
24.41796 64.000
24.43815 79.000
24.45835 65.000
24.47855 74.000
24.49874 67.000
24.51894 69.000
24.53914 64.000
24.55933 60.000
24.57953 65.000
24.59972 64.000
24.61992 68.000
24.64012 78.000
24.66031 67.000
24.68051 64.000
24.70071 82.000
24.72090 78.000
24.74110 68.000
24.76130 67.000
24.78149 81.000
24.80169 83.000
24.82189 73.000
24.84208 57.000
24.86228 56.000
24.88248 79.000
24.90267 74.000
24.92287 65.000
24.94307 69.000
24.96326 79.000
24.98346 81.000
25.00366 71.000
25.02385 67.000
25.04405 69.000
25.06425 77.000
25.08444 60.000
25.10464 66.000
25.12483 77.000
25.14503 66.000
25.16523 76.000
25.18542 82.000
25.20562 67.000
25.22582 70.000
25.24601 71.000
25.26621 63.000
25.28641 79.000
25.30660 98.000
25.32680 74.000
25.34700 95.000
25.36719 78.000
25.38739 87.000
25.40759 99.000
25.42778 81.000
25.44798 96.000
25.46818 86.000
25.48837 84.000
25.50857 81.000
25.52877 83.000
25.54896 99.000
25.56916 113.000
25.58935 125.000
25.60955 132.000
25.62975 142.000
25.64994 156.000
25.67014 136.000
25.69034 136.000
25.71053 142.000
25.73073 137.000
25.75093 140.000
25.77112 127.000
25.79132 119.000
25.81152 117.000
25.83171 95.000
25.85191 95.000
25.87211 123.000
25.89230 110.000
25.91250 101.000
25.93270 107.000
25.95289 115.000
25.97309 82.000
25.99329 116.000
26.01348 130.000
26.03368 146.000
26.05388 124.000
26.07407 139.000
26.09427 149.000
26.11446 148.000
26.13466 167.000
26.15486 141.000
26.17505 170.000
26.19525 156.000
26.21545 187.000
26.23564 203.000
26.25584 291.000
26.27604 358.000
26.29623 436.000
26.31643 522.000
26.33663 606.000
26.35682 630.000
26.37702 612.000
26.39722 653.000
26.41741 610.000
26.43761 590.000
26.45781 542.000
26.47800 474.000
26.49820 431.000
26.51840 368.000
26.53859 312.000
26.55879 309.000
26.57898 305.000
26.59918 303.000
26.61938 263.000
26.63957 219.000
26.65977 244.000
26.67997 217.000
26.70016 244.000
26.72036 204.000
26.74056 178.000
26.76075 120.000
26.78095 152.000
26.80115 117.000
26.82134 92.000
26.84154 75.000
26.86174 85.000
26.88193 81.000
26.90213 83.000
26.92233 86.000
26.94252 75.000
26.96272 81.000
26.98292 106.000
27.00311 76.000
27.02331 84.000
27.04351 77.000
27.06370 78.000
27.08390 97.000
27.10409 86.000
27.12429 81.000
27.14449 88.000
27.16468 71.000
27.18488 81.000
27.20508 84.000
27.22527 73.000
27.24547 81.000
27.26567 77.000
27.28586 83.000
27.30606 69.000
27.32626 80.000
27.34645 74.000
27.36665 83.000
27.38685 87.000
27.40704 88.000
27.42724 61.000
27.44744 74.000
27.46763 68.000
27.48783 89.000
27.50803 82.000
27.52822 66.000
27.54842 86.000
27.56861 77.000
27.58881 80.000
27.60901 76.000
27.62920 77.000
27.64940 86.000
27.66960 85.000
27.68979 76.000
27.70999 81.000
27.73019 71.000
27.75038 79.000
27.77058 86.000
27.79078 84.000
27.81097 67.000
27.83117 70.000
27.85137 89.000
27.87156 87.000
27.89176 71.000
27.91196 85.000
27.93215 81.000
27.95235 72.000
27.97255 76.000
27.99274 76.000
28.01294 81.000
28.03314 62.000
28.05333 74.000
28.07353 74.000
28.09372 77.000
28.11392 81.000
28.13412 74.000
28.15431 70.000
28.17451 62.000
28.19471 66.000
28.21490 57.000
28.23510 81.000
28.25530 94.000
28.27549 82.000
28.29569 73.000
28.31589 73.000
28.33608 74.000
28.35628 85.000
28.37648 74.000
28.39667 61.000
28.41687 80.000
28.43707 62.000
28.45726 77.000
28.47746 102.000
28.49766 70.000
28.51785 67.000
28.53805 60.000
28.55824 65.000
28.57844 81.000
28.59864 77.000
28.61883 67.000
28.63903 69.000
28.65923 68.000
28.67942 93.000
28.69962 69.000
28.71982 67.000
28.74001 73.000
28.76021 60.000
28.78041 59.000
28.80060 69.000
28.82080 65.000
28.84100 83.000
28.86119 69.000
28.88139 63.000
28.90159 82.000
28.92178 67.000
28.94198 65.000
28.96218 69.000
28.98237 75.000
29.00257 78.000
29.02277 72.000
29.04296 75.000
29.06316 73.000
29.08335 75.000
29.10355 67.000
29.12375 84.000
29.14394 72.000
29.16414 79.000
29.18434 60.000
29.20453 67.000
29.22473 66.000
29.24493 72.000
29.26512 65.000
29.28532 72.000
29.30552 87.000
29.32571 78.000
29.34591 76.000
29.36611 62.000
29.38630 77.000
29.40650 75.000
29.42670 61.000
29.44689 80.000
29.46709 60.000
29.48729 62.000
29.50748 74.000
29.52768 63.000
29.54787 102.000
29.56807 63.000
29.58827 72.000
29.60846 78.000
29.62866 74.000
29.64886 74.000
29.66905 72.000
29.68925 81.000
29.70945 73.000
29.72964 67.000
29.74984 88.000
29.77004 64.000
29.79023 88.000
29.81043 77.000
29.83063 65.000
29.85082 84.000
29.87102 66.000
29.89122 76.000
29.91141 82.000
29.93161 66.000
29.95181 76.000
29.97200 63.000
29.99220 67.000
30.01240 66.000
30.03259 79.000
30.05279 63.000
30.07298 71.000
30.09318 73.000
30.11338 84.000
30.13357 84.000
30.15377 78.000
30.17397 89.000
30.19416 100.000
30.21436 81.000
30.23456 86.000
30.25475 108.000
30.27495 102.000
30.29515 81.000
30.31534 117.000
30.33554 111.000
30.35574 122.000
30.37593 132.000
30.39613 158.000
30.41633 206.000
30.43652 225.000
30.45672 237.000
30.47692 235.000
30.49711 224.000
30.51731 225.000
30.53750 228.000
30.55770 219.000
30.57790 182.000
30.59809 170.000
30.61829 143.000
30.63849 144.000
30.65868 133.000
30.67888 140.000
30.69908 154.000
30.71927 124.000
30.73947 129.000
30.75967 110.000
30.77986 110.000
30.80006 109.000
30.82026 101.000
30.84045 114.000
30.86065 94.000
30.88085 81.000
30.90104 92.000
30.92124 75.000
30.94144 72.000
30.96163 77.000
30.98183 68.000
31.00203 79.000
31.02222 69.000
31.04242 80.000
31.06261 66.000
31.08281 74.000
31.10301 83.000
31.12320 65.000
31.14340 93.000
31.16360 82.000
31.18379 72.000
31.20399 79.000
31.22419 79.000
31.24438 96.000
31.26458 82.000
31.28478 86.000
31.30497 70.000
31.32517 106.000
31.34537 85.000
31.36556 85.000
31.38576 79.000
31.40596 124.000
31.42615 127.000
31.44635 122.000
31.46655 122.000
31.48674 130.000
31.50694 148.000
31.52713 150.000
31.54733 131.000
31.56753 133.000
31.58772 142.000
31.60792 153.000
31.62812 135.000
31.64831 105.000
31.66851 105.000
31.68871 105.000
31.70890 113.000
31.72910 94.000
31.74930 101.000
31.76949 94.000
31.78969 93.000
31.80989 92.000
31.83008 100.000
31.85028 102.000
31.87048 79.000
31.89067 80.000
31.91087 102.000
31.93107 75.000
31.95126 84.000
31.97146 69.000
31.99166 67.000
32.01185 76.000
32.03205 61.000
32.05224 91.000
32.07244 70.000
32.09264 62.000
32.11283 93.000
32.13303 71.000
32.15323 74.000
32.17342 67.000
32.19362 72.000
32.21382 78.000
32.23401 70.000
32.25421 67.000
32.27441 75.000
32.29460 73.000
32.31480 71.000
32.33500 67.000
32.35519 82.000
32.37539 71.000
32.39559 90.000
32.41578 68.000
32.43598 77.000
32.45618 80.000
32.47637 68.000
32.49657 64.000
32.51676 65.000
32.53696 70.000
32.55716 64.000
32.57735 75.000
32.59755 73.000
32.61775 71.000
32.63794 78.000
32.65814 72.000
32.67834 73.000
32.69853 72.000
32.71873 63.000
32.73893 67.000
32.75912 65.000
32.77932 72.000
32.79952 64.000
32.81971 77.000
32.83991 75.000
32.86011 58.000
32.88030 61.000
32.90050 74.000
32.92070 63.000
32.94089 75.000
32.96109 75.000
32.98129 60.000
33.00148 57.000
33.02168 59.000
33.04187 69.000
33.06207 73.000
33.08227 55.000
33.10246 55.000
33.12266 69.000
33.14286 48.000
33.16305 70.000
33.18325 65.000
33.20345 81.000
33.22364 74.000
33.24384 64.000
33.26404 70.000
33.28423 62.000
33.30443 79.000
33.32463 79.000
33.34482 77.000
33.36502 57.000
33.38522 58.000
33.40541 64.000
33.42561 79.000
33.44581 72.000
33.46600 84.000
33.48620 71.000
33.50639 66.000
33.52659 68.000
33.54679 80.000
33.56698 59.000
33.58718 89.000
33.60738 63.000
33.62757 70.000
33.64777 74.000
33.66797 84.000
33.68816 63.000
33.70836 82.000
33.72856 78.000
33.74875 88.000
33.76895 77.000
33.78915 69.000
33.80934 77.000
33.82954 69.000
33.84974 94.000
33.86993 82.000
33.89013 67.000
33.91033 94.000
33.93052 80.000
33.95072 77.000
33.97092 95.000
33.99111 111.000
34.01131 135.000
34.03150 141.000
34.05170 140.000
34.07190 148.000
34.09209 171.000
34.11229 204.000
34.13249 232.000
34.15268 209.000
34.17288 206.000
34.19308 191.000
34.21327 198.000
34.23347 157.000
34.25367 162.000
34.27386 122.000
34.29406 137.000
34.31426 138.000
34.33445 143.000
34.35465 118.000
34.37485 116.000
34.39504 122.000
34.41524 109.000
34.43544 109.000
34.45563 134.000
34.47583 112.000
34.49603 101.000
34.51622 117.000
34.53642 106.000
34.55661 79.000
34.57681 72.000
34.59701 88.000
34.61720 79.000
34.63740 57.000
34.65760 78.000
34.67779 76.000
34.69799 60.000
34.71819 65.000
34.73838 58.000
34.75858 77.000
34.77878 69.000
34.79897 63.000
34.81917 65.000
34.83937 75.000
34.85956 66.000
34.87976 64.000
34.89996 64.000
34.92015 81.000
34.94035 60.000
34.96055 68.000
34.98074 69.000
35.00094 68.000
35.02113 67.000
35.04133 67.000
35.06153 73.000
35.08172 74.000
35.10192 69.000
35.12212 65.000
35.14231 59.000
35.16251 75.000
35.18271 64.000
35.20290 63.000
35.22310 71.000
35.24330 53.000
35.26349 67.000
35.28369 53.000
35.30389 89.000
35.32408 59.000
35.34428 83.000
35.36448 75.000
35.38467 76.000
35.40487 77.000
35.42507 74.000
35.44526 69.000
35.46546 65.000
35.48566 69.000
35.50585 56.000
35.52605 58.000
35.54624 70.000
35.56644 64.000
35.58664 54.000
35.60683 53.000
35.62703 70.000
35.64723 64.000
35.66742 74.000
35.68762 66.000
35.70782 57.000
35.72801 68.000
35.74821 49.000
35.76841 72.000
35.78860 72.000
35.80880 71.000
35.82900 78.000
35.84919 62.000
35.86939 73.000
35.88959 50.000
35.90978 66.000
35.92998 78.000
35.95018 67.000
35.97037 65.000
35.99057 82.000
36.01076 71.000
36.03096 69.000
36.05116 61.000
36.07135 79.000
36.09155 76.000
36.11175 62.000
36.13194 62.000
36.15214 58.000
36.17234 77.000
36.19253 76.000
36.21273 65.000
36.23293 86.000
36.25312 71.000
36.27332 82.000
36.29352 80.000
36.31371 87.000
36.33391 93.000
36.35411 73.000
36.37430 87.000
36.39450 77.000
36.41470 69.000
36.43489 59.000
36.45509 63.000
36.47529 71.000
36.49548 72.000
36.51568 90.000
36.53587 74.000
36.55607 59.000
36.57627 72.000
36.59646 60.000
36.61666 76.000
36.63686 79.000
36.65705 69.000
36.67725 83.000
36.69745 78.000
36.71764 77.000
36.73784 61.000
36.75804 58.000
36.77823 60.000
36.79843 61.000
36.81863 57.000
36.83882 64.000
36.85902 74.000
36.87922 64.000
36.89941 73.000
36.91961 75.000
36.93981 86.000
36.96000 60.000
36.98020 77.000
37.00039 79.000
37.02059 81.000
37.04079 52.000
37.06098 65.000
37.08118 66.000
37.10138 70.000
37.12157 53.000
37.14177 62.000
37.16197 60.000
37.18216 68.000
37.20236 71.000
37.22256 69.000
37.24275 64.000
37.26295 52.000
37.28315 52.000
37.30334 67.000
37.32354 57.000
37.34374 78.000
37.36393 63.000
37.38413 69.000
37.40433 78.000
37.42452 71.000
37.44472 61.000
37.46492 71.000
37.48511 60.000
37.50531 66.000
37.52550 65.000
37.54570 62.000
37.56590 71.000
37.58609 74.000
37.60629 55.000
37.62649 66.000
37.64668 69.000
37.66688 61.000
37.68708 62.000
37.70727 71.000
37.72747 62.000
37.74767 61.000
37.76786 55.000
37.78806 62.000
37.80826 41.000
37.82845 68.000
37.84865 65.000
37.86885 77.000
37.88904 62.000
37.90924 54.000
37.92944 71.000
37.94963 74.000
37.96983 69.000
37.99002 82.000
38.01022 59.000
38.03042 69.000
38.05061 83.000
38.07081 66.000
38.09101 79.000
38.11120 71.000
38.13140 63.000
38.15160 63.000
38.17179 67.000
38.19199 70.000
38.21219 54.000
38.23238 71.000
38.25258 82.000
38.27278 80.000
38.29297 66.000
38.31317 51.000
38.33337 68.000
38.35356 79.000
38.37376 71.000
38.39396 66.000
38.41415 77.000
38.43435 66.000
38.45455 77.000
38.47474 78.000
38.49494 71.000
38.51513 68.000
38.53533 82.000
38.55553 93.000
38.57572 98.000
38.59592 76.000
38.61612 107.000
38.63631 83.000
38.65651 100.000
38.67671 98.000
38.69690 103.000
38.71710 93.000
38.73730 83.000
38.75749 99.000
38.77769 90.000
38.79789 92.000
38.81808 103.000
38.83828 86.000
38.85848 77.000
38.87867 85.000
38.89887 94.000
38.91907 100.000
38.93926 89.000
38.95946 79.000
38.97965 84.000
38.99985 79.000
39.02005 85.000
39.04024 88.000
39.06044 94.000
39.08064 91.000
39.10083 77.000
39.12103 83.000
39.14123 76.000
39.16142 91.000
39.18162 82.000
39.20182 82.000
39.22201 83.000
39.24221 89.000
39.26241 92.000
39.28260 92.000
39.30280 103.000
39.32300 98.000
39.34319 95.000
39.36339 76.000
39.38359 92.000
39.40378 74.000
39.42398 70.000
39.44418 87.000
39.46437 72.000
39.48457 82.000
39.50476 84.000
39.52496 90.000
39.54516 88.000
39.56535 74.000
39.58555 80.000
39.60575 70.000
39.62594 77.000
39.64614 64.000
39.66634 70.000
39.68653 72.000
39.70673 76.000
39.72693 75.000
39.74712 57.000
39.76732 87.000
39.78752 78.000
39.80771 70.000
39.82791 75.000
39.84811 63.000
39.86830 74.000
39.88850 61.000
39.90870 63.000
39.92889 68.000
39.94909 68.000
39.96928 67.000
39.98948 68.000
40.00968 74.000
40.02987 64.000
40.05007 64.000
40.07027 69.000
40.09046 66.000
40.11066 63.000
40.13086 71.000
40.15105 51.000
40.17125 65.000
40.19145 73.000
40.21164 70.000
40.23184 78.000
40.25204 72.000
40.27223 63.000
40.29243 73.000
40.31263 68.000
40.33282 65.000
40.35302 68.000
40.37322 55.000
40.39341 58.000
40.41361 63.000
40.43381 63.000
40.45400 70.000
40.47420 71.000
40.49439 49.000
40.51459 69.000
40.53479 83.000
40.55498 73.000
40.57518 80.000
40.59538 61.000
40.61557 64.000
40.63577 81.000
40.65597 80.000
40.67616 56.000
40.69636 84.000
40.71656 68.000
40.73675 68.000
40.75695 72.000
40.77715 71.000
40.79734 63.000
40.81754 86.000
40.83774 71.000
40.85793 78.000
40.87813 67.000
40.89833 68.000
40.91852 82.000
40.93872 71.000
40.95891 71.000
40.97911 63.000
40.99931 72.000
41.01950 68.000
41.03970 80.000
41.05990 59.000
41.08009 78.000
41.10029 85.000
41.12049 72.000
41.14068 91.000
41.16088 73.000
41.18108 74.000
41.20127 73.000
41.22147 60.000
41.24167 75.000
41.26186 68.000
41.28206 77.000
41.30226 75.000
41.32245 69.000
41.34265 78.000
41.36285 69.000
41.38304 58.000
41.40324 75.000
41.42344 86.000
41.44363 79.000
41.46383 69.000
41.48402 66.000
41.50422 73.000
41.52442 68.000
41.54461 68.000
41.56481 82.000
41.58501 78.000
41.60520 90.000
41.62540 78.000
41.64560 81.000
41.66579 67.000
41.68599 76.000
41.70619 57.000
41.72638 66.000
41.74658 79.000
41.76678 86.000
41.78697 69.000
41.80717 68.000
41.82737 65.000
41.84756 87.000
41.86776 70.000
41.88796 76.000
41.90815 76.000
41.92835 60.000
41.94854 92.000
41.96874 75.000
41.98894 74.000
42.00913 63.000
42.02933 69.000
42.04953 86.000
42.06972 76.000
42.08992 68.000
42.11012 71.000
42.13031 68.000
42.15051 70.000
42.17071 85.000
42.19090 67.000
42.21110 68.000
42.23130 66.000
42.25149 58.000
42.27169 65.000
42.29189 84.000
42.31208 77.000
42.33228 71.000
42.35248 67.000
42.37267 95.000
42.39287 78.000
42.41307 87.000
42.43326 65.000
42.45346 78.000
42.47365 80.000
42.49385 63.000
42.51405 75.000
42.53424 81.000
42.55444 76.000
42.57464 56.000
42.59483 71.000
42.61503 80.000
42.63523 71.000
42.65542 78.000
42.67562 65.000
42.69582 81.000
42.71601 85.000
42.73621 80.000
42.75641 68.000
42.77660 80.000
42.79680 82.000
42.81700 95.000
42.83719 76.000
42.85739 87.000
42.87759 83.000
42.89778 93.000
42.91798 89.000
42.93817 72.000
42.95837 89.000
42.97857 95.000
42.99876 112.000
43.01896 119.000
43.03916 117.000
43.05935 132.000
43.07955 166.000
43.09975 158.000
43.11994 179.000
43.14014 162.000
43.16034 189.000
43.18053 233.000
43.20073 205.000
43.22093 235.000
43.24112 249.000
43.26132 303.000
43.28152 362.000
43.30171 439.000
43.32191 545.000
43.34211 647.000
43.36230 795.000
43.38250 772.000
43.40270 940.000
43.42289 991.000
43.44309 974.000
43.46328 984.000
43.48348 969.000
43.50368 864.000
43.52387 840.000
43.54407 773.000
43.56427 711.000
43.58446 580.000
43.60466 545.000
43.62486 463.000
43.64505 443.000
43.66525 385.000
43.68545 406.000
43.70564 396.000
43.72584 361.000
43.74604 357.000
43.76623 315.000
43.78643 304.000
43.80663 283.000
43.82682 248.000
43.84702 247.000
43.86722 196.000
43.88741 155.000
43.90761 155.000
43.92780 159.000
43.94800 126.000
43.96820 111.000
43.98839 131.000
44.00859 105.000
44.02879 102.000
44.04898 122.000
44.06918 101.000
44.08938 109.000
44.10957 81.000
44.12977 87.000
44.14997 91.000
44.17016 78.000
44.19036 80.000
44.21056 79.000
44.23075 89.000
44.25095 101.000
44.27115 96.000
44.29134 80.000
44.31154 91.000
44.33174 91.000
44.35193 90.000
44.37213 88.000
44.39233 111.000
44.41252 92.000
44.43272 85.000
44.45291 98.000
44.47311 107.000
44.49331 94.000
44.51350 106.000
44.53370 93.000
44.55390 116.000
44.57409 111.000
44.59429 149.000
44.61449 143.000
44.63468 111.000
44.65488 120.000
44.67508 129.000
44.69527 112.000
44.71547 132.000
44.73567 121.000
44.75586 121.000
44.77606 132.000
44.79626 159.000
44.81645 138.000
44.83665 108.000
44.85685 137.000
44.87704 152.000
44.89724 163.000
44.91743 152.000
44.93763 169.000
44.95783 167.000
44.97802 187.000
44.99822 191.000
45.01842 189.000
45.03861 193.000
45.05881 203.000
45.07901 197.000
45.09920 194.000
45.11940 182.000
45.13960 182.000
45.15979 183.000
45.17999 172.000
45.20019 166.000
45.22038 165.000
45.24058 159.000
45.26078 161.000
45.28097 177.000
45.30117 168.000
45.32137 154.000
45.34156 175.000
45.36176 182.000
45.38196 180.000
45.40215 137.000
45.42235 141.000
45.44254 128.000
45.46274 134.000
45.48294 130.000
45.50313 128.000
45.52333 107.000
45.54353 106.000
45.56372 93.000
45.58392 124.000
45.60412 94.000
45.62431 91.000
45.64451 98.000
45.66471 93.000
45.68490 106.000
45.70510 88.000
45.72530 83.000
45.74549 99.000
45.76569 97.000
45.78589 82.000
45.80608 88.000
45.82628 67.000
45.84648 81.000
45.86667 97.000
45.88687 92.000
45.90706 88.000
45.92726 83.000
45.94746 82.000
45.96765 87.000
45.98785 92.000
46.00805 84.000
46.02824 83.000
46.04844 95.000
46.06864 99.000
46.08883 130.000
46.10903 114.000
46.12923 131.000
46.14942 111.000
46.16962 116.000
46.18982 129.000
46.21001 114.000
46.23021 118.000
46.25041 115.000
46.27060 121.000
46.29080 106.000
46.31100 110.000
46.33119 117.000
46.35139 98.000
46.37159 98.000
46.39178 105.000
46.41198 112.000
46.43217 90.000
46.45237 110.000
46.47257 97.000
46.49276 97.000
46.51296 107.000
46.53316 75.000
46.55335 75.000
46.57355 97.000
46.59375 88.000
46.61394 68.000
46.63414 70.000
46.65434 94.000
46.67453 82.000
46.69473 87.000
46.71493 76.000
46.73512 82.000
46.75532 65.000
46.77552 83.000
46.79571 71.000
46.81591 87.000
46.83611 73.000
46.85630 80.000
46.87650 70.000
46.89669 67.000
46.91689 86.000
46.93709 70.000
46.95728 84.000
46.97748 78.000
46.99768 77.000
47.01787 67.000
47.03807 63.000
47.05827 91.000
47.07846 99.000
47.09866 85.000
47.11886 79.000
47.13905 66.000
47.15925 88.000
47.17945 72.000
47.19964 69.000
47.21984 91.000
47.24004 59.000
47.26023 77.000
47.28043 76.000
47.30063 75.000
47.32082 72.000
47.34102 73.000
47.36122 71.000
47.38141 61.000
47.40161 78.000
47.42180 75.000
47.44200 73.000
47.46220 83.000
47.48239 76.000
47.50259 59.000
47.52279 70.000
47.54298 85.000
47.56318 77.000
47.58338 70.000
47.60357 73.000
47.62377 75.000
47.64397 62.000
47.66416 77.000
47.68436 81.000
47.70456 72.000
47.72475 64.000
47.74495 82.000
47.76515 79.000
47.78534 74.000
47.80554 79.000
47.82574 63.000
47.84593 64.000
47.86613 75.000
47.88633 59.000
47.90652 62.000
47.92672 76.000
47.94691 62.000
47.96711 93.000
47.98731 69.000
48.00750 68.000
48.02770 75.000
48.04790 74.000
48.06809 67.000
48.08829 83.000
48.10849 90.000
48.12868 67.000
48.14888 69.000
48.16908 76.000
48.18927 67.000
48.20947 81.000
48.22967 70.000
48.24986 88.000
48.27006 72.000
48.29026 67.000
48.31045 86.000
48.33065 73.000
48.35085 79.000
48.37104 83.000
48.39124 65.000
48.41143 82.000
48.43163 58.000
48.45183 75.000
48.47202 68.000
48.49222 66.000
48.51242 75.000
48.53261 67.000
48.55281 68.000
48.57301 62.000
48.59320 59.000
48.61340 63.000
48.63360 85.000
48.65379 76.000
48.67399 63.000
48.69419 61.000
48.71438 78.000
48.73458 72.000
48.75478 79.000
48.77497 78.000
48.79517 73.000
48.81537 86.000
48.83556 77.000
48.85576 91.000
48.87596 77.000
48.89615 79.000
48.91635 77.000
48.93654 93.000
48.95674 67.000
48.97694 78.000
48.99713 81.000
49.01733 83.000
49.03753 81.000
49.05772 80.000
49.07792 71.000
49.09812 80.000
49.11831 87.000
49.13851 87.000
49.15871 83.000
49.17890 76.000
49.19910 77.000
49.21930 84.000
49.23949 76.000
49.25969 78.000
49.27989 98.000
49.30008 88.000
49.32028 73.000
49.34048 84.000
49.36067 73.000
49.38087 82.000
49.40106 83.000
49.42126 72.000
49.44146 77.000
49.46165 82.000
49.48185 78.000
49.50205 78.000
49.52224 83.000
49.54244 82.000
49.56264 79.000
49.58283 71.000
49.60303 91.000
49.62323 86.000
49.64342 72.000
49.66362 70.000
49.68382 72.000
49.70401 80.000
49.72421 66.000
49.74441 66.000
49.76460 74.000
49.78480 74.000
49.80500 71.000
49.82519 69.000
49.84539 81.000
49.86559 80.000
49.88578 63.000
49.90598 63.000
49.92617 81.000
49.94637 87.000
49.96657 66.000
49.98676 66.000
50.00696 91.000
50.02716 76.000
50.04735 92.000
50.06755 87.000
50.08775 62.000
50.10794 78.000
50.12814 88.000
50.14834 82.000
50.16853 77.000
50.18873 76.000
50.20893 76.000
50.22912 84.000
50.24932 71.000
50.26952 65.000
50.28971 91.000
50.30991 78.000
50.33011 75.000
50.35030 78.000
50.37050 75.000
50.39069 77.000
50.41089 70.000
50.43109 85.000
50.45128 89.000
50.47148 83.000
50.49168 67.000
50.51187 95.000
50.53207 70.000
50.55227 77.000
50.57246 81.000
50.59266 80.000
50.61286 73.000
50.63305 70.000
50.65325 69.000
50.67345 93.000
50.69364 105.000
50.71384 88.000
50.73404 71.000
50.75423 70.000
50.77443 73.000
50.79463 87.000
50.81482 80.000
50.83502 95.000
50.85522 70.000
50.87541 86.000
50.89561 86.000
50.91580 108.000
50.93600 114.000
50.95620 113.000
50.97639 99.000
50.99659 121.000
51.01679 131.000
51.03698 125.000
51.05718 140.000
51.07738 144.000
51.09757 147.000
51.11777 144.000
51.13797 143.000
51.15816 191.000
51.17836 230.000
51.19856 275.000
51.21875 281.000
51.23895 381.000
51.25915 420.000
51.27934 436.000
51.29954 541.000
51.31974 521.000
51.33993 518.000
51.36013 521.000
51.38032 473.000
51.40052 457.000
51.42072 416.000
51.44091 426.000
51.46111 402.000
51.48131 399.000
51.50150 346.000
51.52170 314.000
51.54190 274.000
51.56209 264.000
51.58229 225.000
51.60249 189.000
51.62268 219.000
51.64288 204.000
51.66308 188.000
51.68327 162.000
51.70347 150.000
51.72367 129.000
51.74386 146.000
51.76406 128.000
51.78426 128.000
51.80445 108.000
51.82465 117.000
51.84485 100.000
51.86504 104.000
51.88524 79.000
51.90543 102.000
51.92563 75.000
51.94583 77.000
51.96602 90.000
51.98622 99.000
52.00642 66.000
52.02661 85.000
52.04681 70.000
52.06701 80.000
52.08720 87.000
52.10740 81.000
52.12760 86.000
52.14779 79.000
52.16799 87.000
52.18819 77.000
52.20838 87.000
52.22858 87.000
52.24878 91.000
52.26897 84.000
52.28917 89.000
52.30937 81.000
52.32956 71.000
52.34976 83.000
52.36995 76.000
52.39015 88.000
52.41035 92.000
52.43054 74.000
52.45074 84.000
52.47094 98.000
52.49113 80.000
52.51133 70.000
52.53153 87.000
52.55172 55.000
52.57192 94.000
52.59212 76.000
52.61231 73.000
52.63251 83.000
52.65271 61.000
52.67290 74.000
52.69310 82.000
52.71330 69.000
52.73349 82.000
52.75369 82.000
52.77389 74.000
52.79408 65.000
52.81428 71.000
52.83448 81.000
52.85467 75.000
52.87487 77.000
52.89506 89.000
52.91526 98.000
52.93546 86.000
52.95565 88.000
52.97585 75.000
52.99605 76.000
53.01624 65.000
53.03644 92.000
53.05664 68.000
53.07683 83.000
53.09703 80.000
53.11723 80.000
53.13742 88.000
53.15762 85.000
53.17782 91.000
53.19801 72.000
53.21821 67.000
53.23841 89.000
53.25860 78.000
53.27880 77.000
53.29900 76.000
53.31919 91.000
53.33939 84.000
53.35958 84.000
53.37978 78.000
53.39998 78.000
53.42017 85.000
53.44037 68.000
53.46057 87.000
53.48076 86.000
53.50096 71.000
53.52116 74.000
53.54135 71.000
53.56155 72.000
53.58175 91.000
53.60194 101.000
53.62214 101.000
53.64234 100.000
53.66253 122.000
53.68273 129.000
53.70293 139.000
53.72312 130.000
53.74332 153.000
53.76352 133.000
53.78371 142.000
53.80391 116.000
53.82411 124.000
53.84430 134.000
53.86450 117.000
53.88469 111.000
53.90489 128.000
53.92509 137.000
53.94528 113.000
53.96548 101.000
53.98568 104.000
54.00587 103.000
54.02607 103.000
54.04627 104.000
54.06646 106.000
54.08666 87.000
54.10686 115.000
54.12705 103.000
54.14725 87.000
54.16745 84.000
54.18764 87.000
54.20784 77.000
54.22804 85.000
54.24823 87.000
54.26843 102.000
54.28863 75.000
54.30882 89.000
54.32902 85.000
54.34921 79.000
54.36941 84.000
54.38961 89.000
54.40980 78.000
54.43000 81.000
54.45020 71.000
54.47039 70.000
54.49059 66.000
54.51079 82.000
54.53098 69.000
54.55118 70.000
54.57138 76.000
54.59157 82.000
54.61177 75.000
54.63197 61.000
54.65216 86.000
54.67236 74.000
54.69256 63.000
54.71275 77.000
54.73295 85.000
54.75315 74.000
54.77334 59.000
54.79354 76.000
54.81374 66.000
54.83393 82.000
54.85413 74.000
54.87432 71.000
54.89452 89.000
54.91472 90.000
54.93491 92.000
54.95511 78.000
54.97531 63.000
54.99550 87.000
55.01570 86.000
55.03590 85.000
55.05609 90.000
55.07629 64.000
55.09649 70.000
55.11668 78.000
55.13688 82.000
55.15708 71.000
55.17727 76.000
55.19747 95.000
55.21767 87.000
55.23786 80.000
55.25806 93.000
55.27826 105.000
55.29845 84.000
55.31865 83.000
55.33884 101.000
55.35904 88.000
55.37924 126.000
55.39943 96.000
55.41963 104.000
55.43983 109.000
55.46002 114.000
55.48022 129.000
55.50042 99.000
55.52061 126.000
55.54081 125.000
55.56101 109.000
55.58120 112.000
55.60140 121.000
55.62160 99.000
55.64179 93.000
55.66199 105.000
55.68219 98.000
55.70238 109.000
55.72258 109.000
55.74278 89.000
55.76297 83.000
55.78317 81.000
55.80337 71.000
55.82356 80.000
55.84376 74.000
55.86395 71.000
55.88415 65.000
55.90435 80.000
55.92454 81.000
55.94474 72.000
55.96494 63.000
55.98513 70.000
56.00533 69.000
56.02553 84.000
56.04572 71.000
56.06592 84.000
56.08612 75.000
56.10631 87.000
56.12651 66.000
56.14671 77.000
56.16690 75.000
56.18710 76.000
56.20730 73.000
56.22749 76.000
56.24769 72.000
56.26789 68.000
56.28808 80.000
56.30828 72.000
56.32847 76.000
56.34867 77.000
56.36887 69.000
56.38906 73.000
56.40926 77.000
56.42946 67.000
56.44965 71.000
56.46985 70.000
56.49005 64.000
56.51024 72.000
56.53044 77.000
56.55064 67.000
56.57083 79.000
56.59103 66.000
56.61123 70.000
56.63142 75.000
56.65162 68.000
56.67182 77.000
56.69201 75.000
56.71221 78.000
56.73241 72.000
56.75260 82.000
56.77280 77.000
56.79300 70.000
56.81319 70.000
56.83339 74.000
56.85358 73.000
56.87378 80.000
56.89398 77.000
56.91417 74.000
56.93437 69.000
56.95457 77.000
56.97476 75.000
56.99496 68.000
57.01516 65.000
57.03535 83.000
57.05555 81.000
57.07575 69.000
57.09594 72.000
57.11614 78.000
57.13634 65.000
57.15653 80.000
57.17673 75.000
57.19693 77.000
57.21712 64.000
57.23732 83.000
57.25752 84.000
57.27771 66.000
57.29791 78.000
57.31810 77.000
57.33830 68.000
57.35850 78.000
57.37869 73.000
57.39889 72.000
57.41909 73.000
57.43928 77.000
57.45948 81.000
57.47968 58.000
57.49987 67.000
57.52007 68.000
57.54027 87.000
57.56046 71.000
57.58066 68.000
57.60086 69.000
57.62105 68.000
57.64125 83.000
57.66145 75.000
57.68164 73.000
57.70184 81.000
57.72204 84.000
57.74223 68.000
57.76243 71.000
57.78263 61.000
57.80282 68.000
57.82302 57.000
57.84321 67.000
57.86341 77.000
57.88361 73.000
57.90380 61.000
57.92400 77.000
57.94420 76.000
57.96439 80.000
57.98459 66.000
58.00479 67.000
58.02498 68.000
58.04518 79.000
58.06538 75.000
58.08557 79.000
58.10577 71.000
58.12597 75.000
58.14616 90.000
58.16636 89.000
58.18656 82.000
58.20675 73.000
58.22695 68.000
58.24715 61.000
58.26734 84.000
58.28754 70.000
58.30773 82.000
58.32793 69.000
58.34813 67.000
58.36832 92.000
58.38852 85.000
58.40872 76.000
58.42891 61.000
58.44911 67.000
58.46931 70.000
58.48950 76.000
58.50970 78.000
58.52990 91.000
58.55009 69.000
58.57029 84.000
58.59049 91.000
58.61068 69.000
58.63088 62.000
58.65108 68.000
58.67127 69.000
58.69147 93.000
58.71167 78.000
58.73186 91.000
58.75206 81.000
58.77226 90.000
58.79245 94.000
58.81265 98.000
58.83284 90.000
58.85304 78.000
58.87324 62.000
58.89343 84.000
58.91363 74.000
58.93383 88.000
58.95402 84.000
58.97422 93.000
58.99442 88.000
59.01461 95.000
59.03481 88.000
59.05501 79.000
59.07520 76.000
59.09540 80.000
59.11560 94.000
59.13579 85.000
59.15599 66.000
59.17619 64.000
59.19638 97.000
59.21658 72.000
59.23678 79.000
59.25697 88.000
59.27717 86.000
59.29736 77.000
59.31756 73.000
59.33776 81.000
59.35795 73.000
59.37815 81.000
59.39835 79.000
59.41854 80.000
59.43874 72.000
59.45894 70.000
59.47913 86.000
59.49933 64.000
59.51953 80.000
59.53972 76.000
59.55992 65.000
59.58012 77.000
59.60031 75.000
59.62051 72.000
59.64071 88.000
59.66090 85.000
59.68110 74.000
59.70130 60.000
59.72149 87.000
59.74169 88.000
59.76189 76.000
59.78208 73.000
59.80228 81.000
59.82247 69.000
59.84267 76.000
59.86287 70.000
59.88306 76.000
59.90326 73.000
59.92346 78.000
59.94365 69.000
59.96385 85.000
59.98405 69.000
60.00424 84.000
60.02444 73.000
60.04464 74.000
60.06483 79.000
60.08503 86.000
60.10523 78.000
60.12542 75.000
60.14562 74.000
60.16582 92.000
60.18601 72.000
60.20621 87.000
60.22641 75.000
60.24660 71.000
60.26680 78.000
60.28699 73.000
60.30719 78.000
60.32739 64.000
60.34758 68.000
60.36778 64.000
60.38798 81.000
60.40817 63.000
60.42837 81.000
60.44857 83.000
60.46876 91.000
60.48896 79.000
60.50916 88.000
60.52935 80.000
60.54955 71.000
60.56975 84.000
60.58994 86.000
60.61014 88.000
60.63034 75.000
60.65053 90.000
60.67073 89.000
60.69093 85.000
60.71112 87.000
60.73132 85.000
60.75152 82.000
60.77171 76.000
60.79191 88.000
60.81210 93.000
60.83230 86.000
60.85250 69.000
60.87269 96.000
60.89289 81.000
60.91309 85.000
60.93328 82.000
60.95348 87.000
60.97368 71.000
60.99387 85.000
61.01407 92.000
61.03427 75.000
61.05446 74.000
61.07466 94.000
61.09486 90.000
61.11505 85.000
61.13525 96.000
61.15545 87.000
61.17564 89.000
61.19584 96.000
61.21604 101.000
61.23623 74.000
61.25643 101.000
61.27663 97.000
61.29682 103.000
61.31702 86.000
61.33721 97.000
61.35741 81.000
61.37761 89.000
61.39780 93.000
61.41800 79.000
61.43820 85.000
61.45839 84.000
61.47859 79.000
61.49879 81.000
61.51898 69.000
61.53918 89.000
61.55938 76.000
61.57957 76.000
61.59977 90.000
61.61997 89.000
61.64016 82.000
61.66036 80.000
61.68056 81.000
61.70075 69.000
61.72095 82.000
61.74115 85.000
61.76134 85.000
61.78154 77.000
61.80173 84.000
61.82193 97.000
61.84213 83.000
61.86232 81.000
61.88252 82.000
61.90272 78.000
61.92291 84.000
61.94311 72.000
61.96331 84.000
61.98350 80.000
62.00370 72.000
62.02390 81.000
62.04409 89.000
62.06429 84.000
62.08449 81.000
62.10468 90.000
62.12488 54.000
62.14508 76.000
62.16527 82.000
62.18547 75.000
62.20567 97.000
62.22586 87.000
62.24606 69.000
62.26626 83.000
62.28645 74.000
62.30665 78.000
62.32684 84.000
62.34704 77.000
62.36724 97.000
62.38743 83.000
62.40763 79.000
62.42783 88.000
62.44802 83.000
62.46822 84.000
62.48842 80.000
62.50861 88.000
62.52881 97.000
62.54901 92.000
62.56920 91.000
62.58940 104.000
62.60960 90.000
62.62979 103.000
62.64999 116.000
62.67019 124.000
62.69038 129.000
62.71058 115.000
62.73078 148.000
62.75097 148.000
62.77117 160.000
62.79136 212.000
62.81156 192.000
62.83176 233.000
62.85195 226.000
62.87215 235.000
62.89235 213.000
62.91254 193.000
62.93274 197.000
62.95294 180.000
62.97313 169.000
62.99333 179.000
63.01353 179.000
63.03372 180.000
63.05392 157.000
63.07412 157.000
63.09431 177.000
63.11451 136.000
63.13471 125.000
63.15490 127.000
63.17510 108.000
63.19530 111.000
63.21549 130.000
63.23569 105.000
63.25589 114.000
63.27608 103.000
63.29628 102.000
63.31647 87.000
63.33667 90.000
63.35687 82.000
63.37706 87.000
63.39726 92.000
63.41746 98.000
63.43765 88.000
63.45785 90.000
63.47805 83.000
63.49824 82.000
63.51844 82.000
63.53864 85.000
63.55883 86.000
63.57903 88.000
63.59923 70.000
63.61942 96.000
63.63962 82.000
63.65982 70.000
63.68001 69.000
63.70021 84.000
63.72041 78.000
63.74060 70.000
63.76080 64.000
63.78099 83.000
63.80119 79.000
63.82139 76.000
63.84158 59.000
63.86178 73.000
63.88198 68.000
63.90217 80.000
63.92237 60.000
63.94257 75.000
63.96276 88.000
63.98296 78.000
64.00316 86.000
64.02335 83.000
64.04355 82.000
64.06375 95.000
64.08394 80.000
64.10414 64.000
64.12434 70.000
64.14453 71.000
64.16473 80.000
64.18493 74.000
64.20512 72.000
64.22532 79.000
64.24552 91.000
64.26571 77.000
64.28591 74.000
64.30610 63.000
64.32630 81.000
64.34650 67.000
64.36669 84.000
64.38689 75.000
64.40709 77.000
64.42728 80.000
64.44748 64.000
64.46768 84.000
64.48787 89.000
64.50807 76.000
64.52827 84.000
64.54846 78.000
64.56866 92.000
64.58886 79.000
64.60905 88.000
64.62925 91.000
64.64945 82.000
64.66964 80.000
64.68984 81.000
64.71004 83.000
64.73023 79.000
64.75043 87.000
64.77062 99.000
64.79082 92.000
64.81102 102.000
64.83121 96.000
64.85141 100.000
64.87161 97.000
64.89180 100.000
64.91200 98.000
64.93220 127.000
64.95239 150.000
64.97259 115.000
64.99279 121.000
65.01298 142.000
65.03318 140.000
65.05338 128.000
65.07357 117.000
65.09377 129.000
65.11397 126.000
65.13416 111.000
65.15436 126.000
65.17456 123.000
65.19475 110.000
65.21495 122.000
65.23515 107.000
65.25534 110.000
65.27554 98.000
65.29573 95.000
65.31593 93.000
65.33613 102.000
65.35632 97.000
65.37652 118.000
65.39672 95.000
65.41691 89.000
65.43711 102.000
65.45731 104.000
65.47750 77.000
65.49770 91.000
65.51790 96.000
65.53809 87.000
65.55829 95.000
65.57849 82.000
65.59868 88.000
65.61888 88.000
65.63908 66.000
65.65927 100.000
65.67947 98.000
65.69967 91.000
65.71986 95.000
65.74006 92.000
65.76025 74.000
65.78045 80.000
65.80065 94.000
65.82084 102.000
65.84104 89.000
65.86124 94.000
65.88143 77.000
65.90163 88.000
65.92183 100.000
65.94202 104.000
65.96222 86.000
65.98242 83.000
66.00261 106.000
66.02281 78.000
66.04301 84.000
66.06320 78.000
66.08340 84.000
66.10360 70.000
66.12379 92.000
66.14399 83.000
66.16419 80.000
66.18438 88.000
66.20458 94.000
66.22478 91.000
66.24497 69.000
66.26517 85.000
66.28536 77.000
66.30556 100.000
66.32576 79.000
66.34595 75.000
66.36615 84.000
66.38635 79.000
66.40654 99.000
66.42674 78.000
66.44694 78.000
66.46713 83.000
66.48733 69.000
66.50753 87.000
66.52772 81.000
66.54792 82.000
66.56812 85.000
66.58831 71.000
66.60851 81.000
66.62871 69.000
66.64890 78.000
66.66910 79.000
66.68930 78.000
66.70949 78.000
66.72969 74.000
66.74988 66.000
66.77008 84.000
66.79028 92.000
66.81047 84.000
66.83067 77.000
66.85087 83.000
66.87106 75.000
66.89126 80.000
66.91146 65.000
66.93165 76.000
66.95185 70.000
66.97205 84.000
66.99224 66.000
67.01244 76.000
67.03264 87.000
67.05283 80.000
67.07303 81.000
67.09323 82.000
67.11342 84.000
67.13362 87.000
67.15382 94.000
67.17401 66.000
67.19421 93.000
67.21441 89.000
67.23460 74.000
67.25480 92.000
67.27499 96.000
67.29519 76.000
67.31539 76.000
67.33558 71.000
67.35578 86.000
67.37598 81.000
67.39617 82.000
67.41637 63.000
67.43657 76.000
67.45676 88.000
67.47696 67.000
67.49716 66.000
67.51735 75.000
67.53755 82.000
67.55775 69.000
67.57794 79.000
67.59814 84.000
67.61834 82.000
67.63853 74.000
67.65873 90.000
67.67893 78.000
67.69912 74.000
67.71932 79.000
67.73951 96.000
67.75971 84.000
67.77991 73.000
67.80010 59.000
67.82030 73.000
67.84050 70.000
67.86069 85.000
67.88089 82.000
67.90109 80.000
67.92128 77.000
67.94148 71.000
67.96168 93.000
67.98187 94.000
68.00207 79.000
68.02227 72.000
68.04246 95.000
68.06266 85.000
68.08286 86.000
68.10305 84.000
68.12325 83.000
68.14345 72.000
68.16364 75.000
68.18384 90.000
68.20404 78.000
68.22423 71.000
68.24443 85.000
68.26462 71.000
68.28482 85.000
68.30502 80.000
68.32521 85.000
68.34541 91.000
68.36561 75.000
68.38580 85.000
68.40600 81.000
68.42620 89.000
68.44639 85.000
68.46659 82.000
68.48679 75.000
68.50698 81.000
68.52718 86.000
68.54738 85.000
68.56757 81.000
68.58777 79.000
68.60797 72.000
68.62816 75.000
68.64836 74.000
68.66856 84.000
68.68875 84.000
68.70895 90.000
68.72914 94.000
68.74934 78.000
68.76954 75.000
68.78973 108.000
68.80993 92.000
68.83013 81.000
68.85032 98.000
68.87052 110.000
68.89072 84.000
68.91091 90.000
68.93111 105.000
68.95131 114.000
68.97150 102.000
68.99170 131.000
69.01190 134.000
69.03209 151.000
69.05229 169.000
69.07249 157.000
69.09268 192.000
69.11288 223.000
69.13308 237.000
69.15327 248.000
69.17347 262.000
69.19367 261.000
69.21386 264.000
69.23406 247.000
69.25425 220.000
69.27445 190.000
69.29465 198.000
69.31484 208.000
69.33504 211.000
69.35524 211.000
69.37543 209.000
69.39563 211.000
69.41583 182.000
69.43602 179.000
69.45622 186.000
69.47642 130.000
69.49661 142.000
69.51681 139.000
69.53701 142.000
69.55720 135.000
69.57740 125.000
69.59760 112.000
69.61779 116.000
69.63799 119.000
69.65819 108.000
69.67838 93.000
69.69858 91.000
69.71877 114.000
69.73897 100.000
69.75917 74.000
69.77936 83.000
69.79956 91.000
69.81976 101.000
69.83995 87.000
69.86015 88.000
69.88035 103.000
69.90054 98.000
69.92074 91.000
69.94094 86.000
69.96113 82.000
69.98133 84.000
70.00153 69.000
70.02172 81.000
70.04192 83.000
70.06212 97.000
70.08231 89.000
70.10251 92.000
70.12271 85.000
70.14290 75.000
70.16310 94.000
70.18330 87.000
70.20349 93.000
70.22369 82.000
70.24388 83.000
70.26408 72.000
70.28428 81.000
70.30447 97.000
70.32467 85.000
70.34487 82.000
70.36506 95.000
70.38526 81.000
70.40546 81.000
70.42565 83.000
70.44585 89.000
70.46605 79.000
70.48624 85.000
70.50644 81.000
70.52664 94.000
70.54683 92.000
70.56703 81.000
70.58723 85.000
70.60742 84.000
70.62762 76.000
70.64782 76.000
70.66801 89.000
70.68821 93.000
70.70840 95.000
70.72860 95.000
70.74880 86.000
70.76899 77.000
70.78919 92.000
70.80939 82.000
70.82958 73.000
70.84978 98.000
70.86998 102.000
70.89017 80.000
70.91037 94.000
70.93057 84.000
70.95076 103.000
70.97096 92.000
70.99116 97.000
71.01135 82.000
71.03155 89.000
71.05175 101.000
71.07194 88.000
71.09214 121.000
71.11234 111.000
71.13253 117.000
71.15273 123.000
71.17293 135.000
71.19312 149.000
71.21332 159.000
71.23351 157.000
71.25371 159.000
71.27391 133.000
71.29410 129.000
71.31430 129.000
71.33450 113.000
71.35469 122.000
71.37489 130.000
71.39509 130.000
71.41528 150.000
71.43548 114.000
71.45568 138.000
71.47587 122.000
71.49607 111.000
71.51627 123.000
71.53646 112.000
71.55666 121.000
71.57686 103.000
71.59705 98.000
71.61725 105.000
71.63745 100.000
71.65764 94.000
71.67784 81.000
71.69803 83.000
71.71823 102.000
71.73843 64.000
71.75862 92.000
71.77882 77.000
71.79902 80.000
71.81921 83.000
71.83941 97.000
71.85961 74.000
71.87980 88.000
71.90000 77.000
71.92020 75.000
71.94039 102.000
71.96059 82.000
71.98079 84.000
72.00098 77.000
72.02118 76.000
72.04138 71.000
72.06157 74.000
72.08177 77.000
72.10197 87.000
72.12216 72.000
72.14236 86.000
72.16256 81.000
72.18275 91.000
72.20295 81.000
72.22314 82.000
72.24334 69.000
72.26354 85.000
72.28373 81.000
72.30393 100.000
72.32413 88.000
72.34432 90.000
72.36452 81.000
72.38472 68.000
72.40491 72.000
72.42511 80.000
72.44531 80.000
72.46550 72.000
72.48570 80.000
72.50590 80.000
72.52609 78.000
72.54629 81.000
72.56649 87.000
72.58668 73.000
72.60688 83.000
72.62708 81.000
72.64727 90.000
72.66747 97.000
72.68766 83.000
72.70786 85.000
72.72806 75.000
72.74825 80.000
72.76845 104.000
72.78865 87.000
72.80884 87.000
72.82904 82.000
72.84924 80.000
72.86943 90.000
72.88963 77.000
72.90983 80.000
72.93002 80.000
72.95022 101.000
72.97042 93.000
72.99061 80.000
73.01081 71.000
73.03101 93.000
73.05120 89.000
73.07140 100.000
73.09160 114.000
73.11179 95.000
73.13199 85.000
73.15219 97.000
73.17238 90.000
73.19258 99.000
73.21277 111.000
73.23297 83.000
73.25317 102.000
73.27336 111.000
73.29356 104.000
73.31376 92.000
73.33395 90.000
73.35415 82.000
73.37435 100.000
73.39454 103.000
73.41474 99.000
73.43494 88.000
73.45513 111.000
73.47533 96.000
73.49553 103.000
73.51572 80.000
73.53592 99.000
73.55612 92.000
73.57631 93.000
73.59651 90.000
73.61671 84.000
73.63690 81.000
73.65710 83.000
73.67729 69.000
73.69749 81.000
73.71769 76.000
73.73788 83.000
73.75808 76.000
73.77828 73.000
73.79847 92.000
73.81867 81.000
73.83887 87.000
73.85906 84.000
73.87926 81.000
73.89946 76.000
73.91965 87.000
73.93985 80.000
73.96005 81.000
73.98024 91.000
74.00044 100.000
74.02064 82.000
74.04083 93.000
74.06103 83.000
74.08123 78.000
74.10142 75.000
74.12162 95.000
74.14182 81.000
74.16201 94.000
74.18221 77.000
74.20240 83.000
74.22260 80.000
74.24280 75.000
74.26299 89.000
74.28319 89.000
74.30339 91.000
74.32358 80.000
74.34378 76.000
74.36398 80.000
74.38417 101.000
74.40437 74.000
74.42457 80.000
74.44476 90.000
74.46496 72.000
74.48516 74.000
74.50535 104.000
74.52555 90.000
74.54575 91.000
74.56594 98.000
74.58614 80.000
74.60634 85.000
74.62653 69.000
74.64673 82.000
74.66693 89.000
74.68712 73.000
74.70732 87.000
74.72751 97.000
74.74771 92.000
74.76791 86.000
74.78810 91.000
74.80830 84.000
74.82850 95.000
74.84869 84.000
74.86889 86.000
74.88909 103.000
74.90928 70.000
74.92948 72.000
74.94968 71.000
74.96987 80.000
74.99007 99.000
75.01027 95.000
75.03046 83.000
75.05066 79.000
75.07086 99.000
75.09105 89.000
75.11125 80.000
75.13145 75.000
75.15164 89.000
75.17184 98.000
75.19203 80.000
75.21223 93.000
75.23243 88.000
75.25262 90.000
75.27282 69.000
75.29302 83.000
75.31321 75.000
75.33341 91.000
75.35361 86.000
75.37380 86.000
75.39400 90.000
75.41420 66.000
75.43439 79.000
75.45459 86.000
75.47479 78.000
75.49498 70.000
75.51518 87.000
75.53538 84.000
75.55557 75.000
75.57577 77.000
75.59597 76.000
75.61616 73.000
75.63636 78.000
75.65656 81.000
75.67675 91.000
75.69695 79.000
75.71714 74.000
75.73734 74.000
75.75754 69.000
75.77773 94.000
75.79793 78.000
75.81813 80.000
75.83832 84.000
75.85852 80.000
75.87872 72.000
75.89891 81.000
75.91911 101.000
75.93931 82.000
75.95950 84.000
75.97970 80.000
75.99990 69.000
76.02009 87.000
76.04029 74.000
76.06049 74.000
76.08068 83.000
76.10088 77.000
76.12108 85.000
76.14127 76.000
76.16147 75.000
76.18166 79.000
76.20186 76.000
76.22206 88.000
76.24225 89.000
76.26245 91.000
76.28265 94.000
76.30284 81.000
76.32304 99.000
76.34324 92.000
76.36343 87.000
76.38363 105.000
76.40383 92.000
76.42402 94.000
76.44422 93.000
76.46442 106.000
76.48461 97.000
76.50481 91.000
76.52501 91.000
76.54520 90.000
76.56540 90.000
76.58560 75.000
76.60579 88.000
76.62599 86.000
76.64619 86.000
76.66638 88.000
76.68658 87.000
76.70677 65.000
76.72697 96.000
76.74717 100.000
76.76736 88.000
76.78756 102.000
76.80776 83.000
76.82795 108.000
76.84815 94.000
76.86835 89.000
76.88854 80.000
76.90874 107.000
76.92894 111.000
76.94913 109.000
76.96933 97.000
76.98953 98.000
77.00972 86.000
77.02992 93.000
77.05012 91.000
77.07031 106.000
77.09051 93.000
77.11071 106.000
77.13090 91.000
77.15110 104.000
77.17129 95.000
77.19149 83.000
77.21169 102.000
77.23188 97.000
77.25208 88.000
77.27228 92.000
77.29247 87.000
77.31267 72.000
77.33287 81.000
77.35306 91.000
77.37326 84.000
77.39346 87.000
77.41365 91.000
77.43385 104.000
77.45405 107.000
77.47424 101.000
77.49444 60.000
77.51464 90.000
77.53483 75.000
77.55503 92.000
77.57523 100.000
77.59542 92.000
77.61562 78.000
77.63582 72.000
77.65601 84.000
77.67621 82.000
77.69640 81.000
77.71660 72.000
77.73680 90.000
77.75699 84.000
77.77719 76.000
77.79739 93.000
77.81758 69.000
77.83778 87.000
77.85798 96.000
77.87817 87.000
77.89837 80.000
77.91857 97.000
77.93876 78.000
77.95896 88.000
77.97916 80.000
77.99935 95.000
78.01955 72.000
78.03975 96.000
78.05994 82.000
78.08014 68.000
78.10034 87.000
78.12053 71.000
78.14073 85.000
78.16092 87.000
78.18112 99.000
78.20132 95.000
78.22151 102.000
78.24171 87.000
78.26191 81.000
78.28210 89.000
78.30230 78.000
78.32250 84.000
78.34269 85.000
78.36289 77.000
78.38309 88.000
78.40328 102.000
78.42348 114.000
78.44368 102.000
78.46387 96.000
78.48407 82.000
78.50427 94.000
78.52446 83.000
78.54466 100.000
78.56486 96.000
78.58505 107.000
78.60525 85.000
78.62545 99.000
78.64564 115.000
78.66584 95.000
78.68603 104.000
78.70623 103.000
78.72643 92.000
78.74662 91.000
78.76682 121.000
78.78702 110.000
78.80721 93.000
78.82741 100.000
78.84761 118.000
78.86780 107.000
78.88800 123.000
78.90820 126.000
78.92839 108.000
78.94859 123.000
78.96879 132.000
78.98898 132.000
79.00918 149.000
79.02938 151.000
79.04957 166.000
79.06977 191.000
79.08997 235.000
79.11016 252.000
79.13036 278.000
79.15055 306.000
79.17075 322.000
79.19095 336.000
79.21114 340.000
79.23134 351.000
79.25154 310.000
79.27173 269.000
79.29193 266.000
79.31213 226.000
79.33232 280.000
79.35252 248.000
79.37272 227.000
79.39291 239.000
79.41311 270.000
79.43331 282.000
79.45350 230.000
79.47370 241.000
79.49390 191.000
79.51409 189.000
79.53429 165.000
79.55449 148.000
79.57468 132.000
79.59488 135.000
79.61508 140.000
79.63527 130.000
79.65547 126.000
79.67566 107.000
79.69586 128.000
79.71606 111.000
79.73625 96.000
79.75645 105.000
79.77665 87.000
79.79684 97.000
79.81704 98.000
79.83724 102.000
79.85743 94.000
79.87763 70.000
79.89783 78.000
79.91802 76.000
79.93822 85.000
79.95842 82.000
79.97861 74.000
79.99881 87.000
80.01901 69.000
80.03920 93.000
80.05940 83.000
80.07960 74.000
80.09979 62.000
80.11999 99.000
80.14018 89.000
80.16038 68.000
80.18058 71.000
80.20077 64.000
80.22097 78.000
80.24117 90.000
80.26136 79.000
80.28156 77.000
80.30176 86.000
80.32195 86.000
80.34215 81.000
80.36235 101.000
80.38254 78.000
80.40274 70.000
80.42294 85.000
80.44313 79.000
80.46333 85.000
80.48353 78.000
80.50372 81.000
80.52392 90.000
80.54412 70.000
80.56431 86.000
80.58451 89.000
80.60471 86.000
80.62490 72.000
80.64510 92.000
80.66529 81.000
80.68549 95.000
80.70569 84.000
80.72588 74.000
80.74608 80.000
80.76628 110.000
80.78647 85.000
80.80667 77.000
80.82687 88.000
80.84706 75.000
80.86726 91.000
80.88746 87.000
80.90765 90.000
80.92785 95.000
80.94805 56.000
80.96824 94.000
80.98844 73.000
81.00864 86.000
81.02883 95.000
81.04903 92.000
81.06923 89.000
81.08942 101.000
81.10962 103.000
81.12981 109.000
81.15001 105.000
81.17021 88.000
81.19040 104.000
81.21060 104.000
81.23080 104.000
81.25099 86.000
81.27119 85.000
81.29139 102.000
81.31158 85.000
81.33178 96.000
81.35198 86.000
81.37217 104.000
81.39237 106.000
81.41257 96.000
81.43276 84.000
81.45296 107.000
81.47316 101.000
81.49335 87.000
81.51355 98.000
81.53375 81.000
81.55394 89.000
81.57414 83.000
81.59434 68.000
81.61453 95.000
81.63473 92.000
81.65492 83.000
81.67512 102.000
81.69532 103.000
81.71551 83.000
81.73571 92.000
81.75591 104.000
81.77610 90.000
81.79630 87.000
81.81650 93.000
81.83669 93.000
81.85689 100.000
81.87709 94.000
81.89728 99.000
81.91748 106.000
81.93768 88.000
81.95787 89.000
81.97807 122.000
81.99827 104.000
82.01846 109.000
82.03866 105.000
82.05886 95.000
82.07905 87.000
82.09925 94.000
82.11944 86.000
82.13964 111.000
82.15984 104.000
82.18003 94.000
82.20023 104.000
82.22043 109.000
82.24062 103.000
82.26082 98.000
82.28102 89.000
82.30121 86.000
82.32141 91.000
82.34161 101.000
82.36180 107.000
82.38200 103.000
82.40220 80.000
82.42239 92.000
82.44259 85.000
82.46279 94.000
82.48298 95.000
82.50318 95.000
82.52338 102.000
82.54357 79.000
82.56377 86.000
82.58397 89.000
82.60416 81.000
82.62436 76.000
82.64455 68.000
82.66475 79.000
82.68495 77.000
82.70514 77.000
82.72534 75.000
82.74554 71.000
82.76573 77.000
82.78593 92.000
82.80613 79.000
82.82632 85.000
82.84652 103.000
82.86672 105.000
82.88691 91.000
82.90711 79.000
82.92731 86.000
82.94750 89.000
82.96770 77.000
82.98790 83.000
83.00809 75.000
83.02829 83.000
83.04849 95.000
83.06868 78.000
83.08888 100.000
83.10907 82.000
83.12927 101.000
83.14947 86.000
83.16966 82.000
83.18986 88.000
83.21006 79.000
83.23025 88.000
83.25045 86.000
83.27065 76.000
83.29084 90.000
83.31104 102.000
83.33124 88.000
83.35143 72.000
83.37163 82.000
83.39183 82.000
83.41202 77.000
83.43222 94.000
83.45242 90.000
83.47261 104.000
83.49281 86.000
83.51301 78.000
83.53320 93.000
83.55340 86.000
83.57360 84.000
83.59379 77.000
83.61399 83.000
83.63418 84.000
83.65438 85.000
83.67458 81.000
83.69477 86.000
83.71497 89.000
83.73517 71.000
83.75536 77.000
83.77556 74.000
83.79576 80.000
83.81595 87.000
83.83615 97.000
83.85635 87.000
83.87654 85.000
83.89674 81.000
83.91694 83.000
83.93713 86.000
83.95733 100.000
83.97753 77.000
83.99772 79.000
84.01792 73.000
84.03812 83.000
84.05831 99.000
84.07851 88.000
84.09870 80.000
84.11890 90.000
84.13910 86.000
84.15929 79.000
84.17949 95.000
84.19969 88.000
84.21988 82.000
84.24008 73.000
84.26028 78.000
84.28047 63.000
84.30067 71.000
84.32087 91.000
84.34106 86.000
84.36126 86.000
84.38146 87.000
84.40165 101.000
84.42185 113.000
84.44205 86.000
84.46224 87.000
84.48244 86.000
84.50264 98.000
84.52283 100.000
84.54303 97.000
84.56323 93.000
84.58342 115.000
84.60362 81.000
84.62381 82.000
84.64401 97.000
84.66421 79.000
84.68440 87.000
84.70460 114.000
84.72480 95.000
84.74499 95.000
84.76519 95.000
84.78539 117.000
84.80558 125.000
84.82578 115.000
84.84598 113.000
84.86617 110.000
84.88637 132.000
84.90657 163.000
84.92676 168.000
84.94696 160.000
84.96716 203.000
84.98735 194.000
85.00755 215.000
85.02775 193.000
85.04794 203.000
85.06814 189.000
85.08833 166.000
85.10853 171.000
85.12873 152.000
85.14892 141.000
85.16912 165.000
85.18932 153.000
85.20951 163.000
85.22971 177.000
85.24991 167.000
85.27010 179.000
85.29030 158.000
85.31050 137.000
85.33069 146.000
85.35089 127.000
85.37109 109.000
85.39128 111.000
85.41148 111.000
85.43168 108.000
85.45187 118.000
85.47207 99.000
85.49227 118.000
85.51246 98.000
85.53266 94.000
85.55286 104.000
85.57305 86.000
85.59325 85.000
85.61344 68.000
85.63364 95.000
85.65384 96.000
85.67403 94.000
85.69423 77.000
85.71443 82.000
85.73462 84.000
85.75482 89.000
85.77502 86.000
85.79521 73.000
85.81541 86.000
85.83561 87.000
85.85580 71.000
85.87600 70.000
85.89620 82.000
85.91639 87.000
85.93659 104.000
85.95679 95.000
85.97698 79.000
85.99718 79.000
86.01738 86.000
86.03757 86.000
86.05777 77.000
86.07796 85.000
86.09816 95.000
86.11836 77.000
86.13855 85.000
86.15875 85.000
86.17895 66.000
86.19914 76.000
86.21934 75.000
86.23954 95.000
86.25973 78.000
86.27993 64.000
86.30013 78.000
86.32032 81.000
86.34052 101.000
86.36072 77.000
86.38091 87.000
86.40111 83.000
86.42131 74.000
86.44150 71.000
86.46170 78.000
86.48190 95.000
86.50209 87.000
86.52229 85.000
86.54249 72.000
86.56268 92.000
86.58288 68.000
86.60307 85.000
86.62327 87.000
86.64347 68.000
86.66366 80.000
86.68386 85.000
86.70406 79.000
86.72425 87.000
86.74445 74.000
86.76465 94.000
86.78484 82.000
86.80504 67.000
86.82524 89.000
86.84543 94.000
86.86563 80.000
86.88583 92.000
86.90602 89.000
86.92622 81.000
86.94642 86.000
86.96661 86.000
86.98681 86.000
87.00701 67.000
87.02720 57.000
87.04740 69.000
87.06759 93.000
87.08779 77.000
87.10799 84.000
87.12818 77.000
87.14838 86.000
87.16858 83.000
87.18877 86.000
87.20897 84.000
87.22917 80.000
87.24936 72.000
87.26956 74.000
87.28976 77.000
87.30995 87.000
87.33015 88.000
87.35035 93.000
87.37054 84.000
87.39074 86.000
87.41094 77.000
87.43113 84.000
87.45133 82.000
87.47153 82.000
87.49172 95.000
87.51192 88.000
87.53212 86.000
87.55231 82.000
87.57251 86.000
87.59270 100.000
87.61290 80.000
87.63310 86.000
87.65329 78.000
87.67349 75.000
87.69369 83.000
87.71388 88.000
87.73408 88.000
87.75428 82.000
87.77447 77.000
87.79467 90.000
87.81487 96.000
87.83506 89.000
87.85526 75.000
87.87546 85.000
87.89565 89.000
87.91585 86.000
87.93605 86.000
87.95624 86.000
87.97644 97.000
87.99664 90.000
88.01683 86.000
88.03703 74.000
88.05723 77.000
88.07742 81.000
88.09762 81.000
88.11781 83.000
88.13801 81.000
88.15821 89.000
88.17840 77.000
88.19860 77.000
88.21880 77.000
88.23899 83.000
88.25919 70.000
88.27939 78.000
88.29958 83.000
88.31978 91.000
88.33998 78.000
88.36017 87.000
88.38037 85.000
88.40057 64.000
88.42076 86.000
88.44096 81.000
88.46116 87.000
88.48135 77.000
88.50155 106.000
88.52175 74.000
88.54194 88.000
88.56214 87.000
88.58233 85.000
88.60253 91.000
88.62273 90.000
88.64292 69.000
88.66312 85.000
88.68332 87.000
88.70351 74.000
88.72371 95.000
88.74391 103.000
88.76410 96.000
88.78430 96.000
88.80450 87.000
88.82469 104.000
88.84489 105.000
88.86509 104.000
88.88528 124.000
88.90548 111.000
88.92568 99.000
88.94587 104.000
88.96607 87.000
88.98627 105.000
89.00646 85.000
89.02666 91.000
89.04686 107.000
89.06705 101.000
89.08725 111.000
89.10744 91.000
89.12764 94.000
89.14784 96.000
89.16803 95.000
89.18823 87.000
89.20843 93.000
89.22862 81.000
89.24882 82.000
89.26902 95.000
89.28921 94.000
89.30941 73.000
89.32961 87.000
89.34980 91.000
89.37000 87.000
89.39020 75.000
89.41039 90.000
89.43059 70.000
89.45079 83.000
89.47098 81.000
89.49118 93.000
89.51138 80.000
89.53157 81.000
89.55177 86.000
89.57196 79.000
89.59216 90.000
89.61236 87.000
89.63255 86.000
89.65275 75.000
89.67295 70.000
89.69314 75.000
89.71334 82.000
89.73354 78.000
89.75373 81.000
89.77393 77.000
89.79413 84.000
89.81432 88.000
89.83452 72.000
89.85472 77.000
89.87491 82.000
89.89511 80.000
89.91531 92.000
89.93550 73.000
89.95570 86.000
89.97590 87.000
89.99609 85.000
