9.99763 114.000
10.01783 115.000
10.03803 132.000
10.05822 128.000
10.07842 95.000
10.09862 108.000
10.11881 130.000
10.13901 121.000
10.15921 106.000
10.17940 131.000
10.19960 100.000
10.21979 125.000
10.23999 105.000
10.26019 126.000
10.28038 113.000
10.30058 115.000
10.32078 116.000
10.34097 126.000
10.36117 90.000
10.38137 118.000
10.40156 125.000
10.42176 119.000
10.44196 104.000
10.46215 126.000
10.48235 116.000
10.50255 128.000
10.52274 133.000
10.54294 145.000
10.56314 115.000
10.58333 129.000
10.60353 114.000
10.62373 114.000
10.64392 118.000
10.66412 115.000
10.68432 122.000
10.70451 103.000
10.72471 112.000
10.74490 137.000
10.76510 118.000
10.78530 135.000
10.80549 117.000
10.82569 117.000
10.84589 109.000
10.86608 110.000
10.88628 121.000
10.90648 102.000
10.92667 121.000
10.94687 105.000
10.96707 98.000
10.98726 107.000
11.00746 136.000
11.02766 113.000
11.04785 111.000
11.06805 110.000
11.08825 117.000
11.10844 89.000
11.12864 105.000
11.14884 123.000
11.16903 113.000
11.18923 109.000
11.20942 105.000
11.22962 142.000
11.24982 114.000
11.27001 92.000
11.29021 119.000
11.31041 128.000
11.33060 119.000
11.35080 116.000
11.37100 113.000
11.39119 115.000
11.41139 116.000
11.43159 125.000
11.45178 124.000
11.47198 125.000
11.49218 107.000
11.51237 115.000
11.53257 125.000
11.55277 113.000
11.57296 91.000
11.59316 131.000
11.61336 134.000
11.63355 125.000
11.65375 135.000
11.67395 100.000
11.69414 108.000
11.71434 104.000
11.73453 121.000
11.75473 112.000
11.77493 108.000
11.79512 100.000
11.81532 128.000
11.83552 105.000
11.85571 113.000
11.87591 103.000
11.89611 113.000
11.91630 122.000
11.93650 120.000
11.95670 96.000
11.97689 97.000
11.99709 108.000
12.01729 94.000
12.03748 111.000
12.05768 117.000
12.07788 108.000
12.09807 105.000
12.11827 100.000
12.13847 107.000
12.15866 122.000
12.17886 122.000
12.19905 114.000
12.21925 120.000
12.23945 103.000
12.25964 109.000
12.27984 103.000
12.30004 100.000
12.32023 118.000
12.34043 120.000
12.36063 95.000
12.38082 111.000
12.40102 107.000
12.42122 87.000
12.44141 94.000
12.46161 100.000
12.48181 113.000
12.50200 107.000
12.52220 106.000
12.54240 139.000
12.56259 107.000
12.58279 113.000
12.60299 133.000
12.62318 124.000
12.64338 117.000
12.66358 132.000
12.68377 164.000
12.70397 156.000
12.72416 225.000
12.74436 202.000
12.76456 216.000
12.78475 204.000
12.80495 153.000
12.82515 165.000
12.84534 126.000
12.86554 113.000
12.88574 117.000
12.90593 121.000
12.92613 111.000
12.94633 140.000
12.96652 96.000
12.98672 99.000
13.00692 113.000
13.02711 126.000
13.04731 110.000
13.06751 95.000
13.08770 104.000
13.10790 101.000
13.12810 123.000
13.14829 92.000
13.16849 110.000
13.18868 93.000
13.20888 102.000
13.22908 121.000
13.24927 107.000
13.26947 94.000
13.28967 107.000
13.30986 103.000
13.33006 109.000
13.35026 95.000
13.37045 95.000
13.39065 93.000
13.41085 104.000
13.43104 109.000
13.45124 95.000
13.47144 107.000
13.49163 78.000
13.51183 116.000
13.53203 126.000
13.55222 108.000
13.57242 108.000
13.59262 94.000
13.61281 107.000
13.63301 93.000
13.65321 107.000
13.67340 103.000
13.69360 87.000
13.71379 94.000
13.73399 103.000
13.75419 90.000
13.77438 93.000
13.79458 94.000
13.81478 105.000
13.83497 91.000
13.85517 115.000
13.87537 116.000
13.89556 97.000
13.91576 80.000
13.93596 90.000
13.95615 120.000
13.97635 102.000
13.99655 122.000
14.01674 89.000
14.03694 91.000
14.05714 99.000
14.07733 100.000
14.09753 113.000
14.11773 121.000
14.13792 93.000
14.15812 108.000
14.17831 103.000
14.19851 112.000
14.21871 107.000
14.23890 92.000
14.25910 108.000
14.27930 98.000
14.29949 92.000
14.31969 101.000
14.33989 89.000
14.36008 89.000
14.38028 111.000
14.40048 97.000
14.42067 106.000
14.44087 115.000
14.46107 102.000
14.48126 121.000
14.50146 99.000
14.52166 114.000
14.54185 120.000
14.56205 120.000
14.58225 113.000
14.60244 113.000
14.62264 94.000
14.64284 102.000
14.66303 117.000
14.68323 105.000
14.70342 111.000
14.72362 98.000
14.74382 94.000
14.76401 124.000
14.78421 117.000
14.80441 126.000
14.82460 130.000
14.84480 151.000
14.86500 169.000
14.88519 193.000
14.90539 234.000
14.92559 248.000
14.94578 290.000
14.96598 218.000
14.98618 161.000
15.00637 156.000
15.02657 116.000
15.04677 109.000
15.06696 121.000
15.08716 118.000
15.10736 96.000
15.12755 117.000
15.14775 103.000
15.16794 108.000
15.18814 105.000
15.20834 97.000
15.22853 97.000
15.24873 95.000
15.26893 106.000
15.28912 114.000
15.30932 97.000
15.32952 104.000
15.34971 106.000
15.36991 119.000
15.39011 93.000
15.41030 109.000
15.43050 127.000
15.45070 109.000
15.47089 105.000
15.49109 89.000
15.51129 86.000
15.53148 87.000
15.55168 96.000
15.57188 96.000
15.59207 93.000
15.61227 94.000
15.63247 105.000
15.65266 122.000
15.67286 88.000
15.69305 115.000
15.71325 93.000
15.73345 95.000
15.75364 97.000
15.77384 93.000
15.79404 111.000
15.81423 109.000
15.83443 100.000
15.85463 101.000
15.87482 104.000
15.89502 97.000
15.91522 99.000
15.93541 100.000
15.95561 85.000
15.97581 85.000
15.99600 102.000
16.01620 74.000
16.03640 79.000
16.05659 122.000
16.07679 99.000
16.09699 91.000
16.11718 92.000
16.13738 95.000
16.15757 106.000
16.17777 113.000
16.19797 108.000
16.21816 92.000
16.23836 131.000
16.25856 102.000
16.27875 111.000
16.29895 94.000
16.31915 78.000
16.33934 95.000
16.35954 93.000
16.37974 92.000
16.39993 87.000
16.42013 103.000
16.44033 87.000
16.46052 100.000
16.48072 89.000
16.50092 114.000
16.52111 76.000
16.54131 95.000
16.56151 88.000
16.58170 87.000
16.60190 95.000
16.62210 95.000
16.64229 79.000
16.66249 87.000
16.68268 102.000
16.70288 114.000
16.72308 110.000
16.74327 99.000
16.76347 101.000
16.78367 93.000
16.80386 93.000
16.82406 100.000
16.84426 96.000
16.86445 95.000
16.88465 84.000
16.90485 94.000
16.92504 105.000
16.94524 101.000
16.96544 106.000
16.98563 90.000
17.00583 105.000
17.02603 80.000
17.04622 88.000
17.06642 76.000
17.08662 97.000
17.10681 92.000
17.12701 105.000
17.14720 96.000
17.16740 98.000
17.18760 100.000
17.20779 84.000
17.22799 103.000
17.24819 95.000
17.26838 86.000
17.28858 96.000
17.30878 91.000
17.32897 80.000
17.34917 101.000
17.36937 104.000
17.38956 97.000
17.40976 95.000
17.42996 95.000
17.45015 99.000
17.47035 83.000
17.49055 81.000
17.51074 97.000
17.53094 94.000
17.55114 103.000
17.57133 97.000
17.59153 93.000
17.61173 102.000
17.63192 98.000
17.65212 104.000
17.67231 93.000
17.69251 95.000
17.71271 84.000
17.73290 89.000
17.75310 88.000
17.77330 89.000
17.79349 76.000
17.81369 113.000
17.83389 99.000
17.85408 99.000
17.87428 98.000
17.89448 96.000
17.91467 88.000
17.93487 121.000
17.95507 113.000
17.97526 116.000
17.99546 74.000
18.01566 83.000
18.03585 90.000
18.05605 102.000
18.07625 102.000
18.09644 78.000
18.11664 107.000
18.13683 103.000
18.15703 113.000
18.17723 93.000
18.19742 99.000
18.21762 100.000
18.23782 85.000
18.25801 94.000
18.27821 97.000
18.29841 101.000
18.31860 90.000
18.33880 110.000
18.35900 105.000
18.37919 71.000
18.39939 104.000
18.41959 94.000
18.43978 118.000
18.45998 104.000
18.48018 98.000
18.50037 90.000
18.52057 87.000
18.54077 100.000
18.56096 85.000
18.58116 85.000
18.60136 85.000
18.62155 93.000
18.64175 97.000
18.66194 96.000
18.68214 108.000
18.70234 103.000
18.72253 86.000
18.74273 111.000
18.76293 96.000
18.78312 110.000
18.80332 86.000
18.82352 99.000
18.84371 98.000
18.86391 112.000
18.88411 93.000
18.90430 118.000
18.92450 78.000
18.94470 87.000
18.96489 108.000
18.98509 98.000
19.00529 83.000
19.02548 96.000
19.04568 93.000
19.06588 85.000
19.08607 98.000
19.10627 100.000
19.12646 115.000
19.14666 92.000
19.16686 108.000
19.18705 82.000
19.20725 111.000
19.22745 97.000
19.24764 105.000
19.26784 95.000
19.28804 95.000
19.30823 92.000
19.32843 84.000
19.34863 87.000
19.36882 98.000
19.38902 82.000
19.40922 99.000
19.42941 96.000
19.44961 98.000
19.46981 97.000
19.49000 91.000
19.51020 94.000
19.53040 87.000
19.55059 90.000
19.57079 104.000
19.59099 119.000
19.61118 97.000
19.63138 100.000
19.65157 79.000
19.67177 101.000
19.69197 88.000
19.71216 103.000
19.73236 81.000
19.75256 94.000
19.77275 120.000
19.79295 116.000
19.81315 102.000
19.83334 109.000
19.85354 105.000
19.87374 93.000
19.89393 84.000
19.91413 85.000
19.93433 94.000
19.95452 101.000
19.97472 90.000
19.99492 85.000
20.01511 92.000
20.03531 94.000
20.05551 98.000
20.07570 116.000
20.09590 101.000
20.11609 107.000
20.13629 87.000
20.15649 92.000
20.17668 110.000
20.19688 113.000
20.21708 110.000
20.23727 97.000
20.25747 106.000
20.27767 94.000
20.29786 91.000
20.31806 87.000
20.33826 85.000
20.35845 104.000
20.37865 93.000
20.39885 97.000
20.41904 103.000
20.43924 108.000
20.45944 91.000
20.47963 108.000
20.49983 116.000
20.52003 102.000
20.54022 88.000
20.56042 96.000
20.58062 96.000
20.60081 94.000
20.62101 89.000
20.64120 123.000
20.66140 102.000
20.68160 79.000
20.70179 76.000
20.72199 92.000
20.74219 95.000
20.76238 115.000
20.78258 88.000
20.80278 102.000
20.82297 85.000
20.84317 94.000
20.86337 107.000
20.88356 103.000
20.90376 110.000
20.92396 93.000
20.94415 96.000
20.96435 87.000
20.98455 100.000
21.00474 90.000
21.02494 98.000
21.04514 104.000
21.06533 105.000
21.08553 82.000
21.10573 81.000
21.12592 101.000
21.14612 107.000
21.16631 110.000
21.18651 95.000
21.20671 103.000
21.22690 125.000
21.24710 107.000
21.26730 79.000
21.28749 101.000
21.30769 95.000
21.32789 93.000
21.34808 107.000
21.36828 112.000
21.38848 103.000
21.40867 95.000
21.42887 98.000
21.44907 105.000
21.46926 112.000
21.48946 98.000
21.50966 104.000
21.52985 87.000
21.55005 122.000
21.57025 81.000
21.59044 90.000
21.61064 101.000
21.63083 109.000
21.65103 92.000
21.67123 123.000
21.69142 105.000
21.71162 113.000
21.73182 93.000
21.75201 103.000
21.77221 81.000
21.79241 103.000
21.81260 105.000
21.83280 98.000
21.85300 126.000
21.87319 92.000
21.89339 79.000
21.91359 109.000
21.93378 98.000
21.95398 98.000
21.97418 84.000
21.99437 90.000
22.01457 102.000
22.03477 106.000
22.05496 68.000
22.07516 65.000
22.09536 110.000
22.11555 78.000
22.13575 100.000
22.15594 104.000
22.17614 110.000
22.19634 92.000
22.21653 98.000
22.23673 102.000
22.25693 96.000
22.27712 99.000
22.29732 102.000
22.31752 94.000
22.33771 91.000
22.35791 106.000
22.37811 102.000
22.39830 107.000
22.41850 85.000
22.43870 105.000
22.45889 107.000
22.47909 116.000
22.49929 90.000
22.51948 88.000
22.53968 99.000
22.55988 94.000
22.58007 89.000
22.60027 87.000
22.62046 104.000
22.64066 104.000
22.66086 109.000
22.68105 106.000
22.70125 85.000
22.72145 109.000
22.74164 88.000
22.76184 91.000
22.78204 106.000
22.80223 102.000
22.82243 92.000
22.84263 101.000
22.86282 86.000
22.88302 114.000
22.90322 89.000
22.92341 91.000
22.94361 101.000
22.96381 100.000
22.98400 115.000
23.00420 91.000
23.02440 111.000
23.04459 102.000
23.06479 111.000
23.08499 95.000
23.10518 106.000
23.12538 105.000
23.14557 133.000
23.16577 107.000
23.18597 119.000
23.20616 116.000
23.22636 93.000
23.24656 100.000
23.26675 112.000
23.28695 102.000
23.30715 112.000
23.32734 110.000
23.34754 108.000
23.36774 85.000
23.38793 108.000
23.40813 90.000
23.42833 121.000
23.44852 95.000
23.46872 105.000
23.48892 136.000
23.50911 102.000
23.52931 97.000
23.54951 102.000
23.56970 94.000
23.58990 104.000
23.61009 116.000
23.63029 143.000
23.65049 89.000
23.67068 92.000
23.69088 106.000
23.71108 99.000
23.73127 110.000
23.75147 114.000
23.77167 107.000
23.79186 91.000
23.81206 85.000
23.83226 95.000
23.85245 89.000
23.87265 105.000
23.89285 111.000
23.91304 95.000
23.93324 101.000
23.95344 100.000
23.97363 98.000
23.99383 114.000
24.01403 110.000
24.03422 98.000
24.05442 88.000
24.07462 107.000
24.09481 99.000
24.11501 105.000
24.13520 98.000
24.15540 120.000
24.17560 107.000
24.19579 87.000
24.21599 110.000
24.23619 95.000
24.25638 98.000
24.27658 97.000
24.29678 110.000
24.31697 121.000
24.33717 102.000
24.35737 113.000
24.37756 101.000
24.39776 122.000
24.41796 108.000
24.43815 111.000
24.45835 118.000
24.47855 110.000
24.49874 108.000
24.51894 111.000
24.53914 107.000
24.55933 98.000
24.57953 106.000
24.59972 86.000
24.61992 117.000
24.64012 112.000
24.66031 136.000
24.68051 92.000
24.70071 104.000
24.72090 117.000
24.74110 105.000
24.76130 128.000
24.78149 121.000
24.80169 115.000
24.82189 96.000
24.84208 136.000
24.86228 109.000
24.88248 146.000
24.90267 111.000
24.92287 134.000
24.94307 131.000
24.96326 133.000
24.98346 138.000
25.00366 118.000
25.02385 128.000
25.04405 142.000
25.06425 143.000
25.08444 160.000
25.10464 166.000
25.12483 157.000
25.14503 184.000
25.16523 198.000
25.18542 214.000
25.20562 232.000
25.22582 292.000
25.24601 376.000
25.26621 351.000
25.28641 305.000
25.30660 279.000
25.32680 219.000
25.34700 198.000
25.36719 184.000
25.38739 163.000
25.40759 159.000
25.42778 146.000
25.44798 142.000
25.46818 143.000
25.48837 168.000
25.50857 181.000
25.52877 199.000
25.54896 179.000
25.56916 231.000
25.58935 229.000
25.60955 276.000
25.62975 247.000
25.64994 266.000
25.67014 294.000
25.69034 257.000
25.71053 294.000
25.73073 289.000
25.75093 258.000
25.77112 285.000
25.79132 285.000
25.81152 309.000
25.83171 377.000
25.85191 464.000
25.87211 517.000
25.89230 617.000
25.91250 906.000
25.93270 1339.000
25.95289 1846.000
25.97309 2323.000
25.99329 2358.000
26.01348 1857.000
26.03368 1456.000
26.05388 1380.000
26.07407 856.000
26.09427 505.000
26.11446 279.000
26.13466 222.000
26.15486 225.000
26.17505 184.000
26.19525 182.000
26.21545 167.000
26.23564 152.000
26.25584 135.000
26.27604 128.000
26.29623 164.000
26.31643 122.000
26.33663 144.000
26.35682 136.000
26.37702 139.000
26.39722 140.000
26.41741 136.000
26.43761 112.000
26.45781 143.000
26.47800 139.000
26.49820 150.000
26.51840 143.000
26.53859 150.000
26.55879 123.000
26.57898 155.000
26.59918 136.000
26.61938 129.000
26.63957 164.000
26.65977 191.000
26.67997 178.000
26.70016 194.000
26.72036 149.000
26.74056 162.000
26.76075 148.000
26.78095 178.000
26.80115 166.000
26.82134 138.000
26.84154 133.000
26.86174 152.000
26.88193 132.000
26.90213 113.000
26.92233 97.000
26.94252 103.000
26.96272 130.000
26.98292 120.000
27.00311 104.000
27.02331 113.000
27.04351 127.000
27.06370 103.000
27.08390 109.000
27.10409 97.000
27.12429 123.000
27.14449 104.000
27.16468 130.000
27.18488 94.000
27.20508 120.000
27.22527 111.000
27.24547 128.000
27.26567 112.000
27.28586 115.000
27.30606 108.000
27.32626 121.000
27.34645 113.000
27.36665 121.000
27.38685 121.000
27.40704 116.000
27.42724 117.000
27.44744 114.000
27.46763 117.000
27.48783 116.000
27.50803 112.000
27.52822 117.000
27.54842 95.000
27.56861 107.000
27.58881 99.000
27.60901 95.000
27.62920 100.000
27.64940 111.000
27.66960 108.000
27.68979 121.000
27.70999 106.000
27.73019 95.000
27.75038 103.000
27.77058 111.000
27.79078 96.000
27.81097 94.000
27.83117 112.000
27.85137 113.000
27.87156 100.000
27.89176 99.000
27.91196 93.000
27.93215 107.000
27.95235 101.000
27.97255 103.000
27.99274 79.000
28.01294 98.000
28.03314 94.000
28.05333 96.000
28.07353 104.000
28.09372 107.000
28.11392 99.000
28.13412 89.000
28.15431 89.000
28.17451 119.000
28.19471 84.000
28.21490 119.000
28.23510 95.000
28.25530 97.000
28.27549 101.000
28.29569 105.000
28.31589 111.000
28.33608 96.000
28.35628 88.000
28.37648 105.000
28.39667 114.000
28.41687 80.000
28.43707 97.000
28.45726 81.000
28.47746 86.000
28.49766 105.000
28.51785 109.000
28.53805 138.000
28.55824 109.000
28.57844 106.000
28.59864 101.000
28.61883 95.000
28.63903 107.000
28.65923 103.000
28.67942 80.000
28.69962 98.000
28.71982 102.000
28.74001 106.000
28.76021 97.000
28.78041 81.000
28.80060 107.000
28.82080 103.000
28.84100 115.000
28.86119 122.000
28.88139 87.000
28.90159 115.000
28.92178 102.000
28.94198 128.000
28.96218 101.000
28.98237 89.000
29.00257 105.000
29.02277 116.000
29.04296 109.000
29.06316 101.000
29.08335 93.000
29.10355 106.000
29.12375 94.000
29.14394 101.000
29.16414 109.000
29.18434 105.000
29.20453 106.000
29.22473 108.000
29.24493 121.000
29.26512 121.000
29.28532 103.000
29.30552 116.000
29.32571 107.000
29.34591 121.000
29.36611 115.000
29.38630 120.000
29.40650 102.000
29.42670 94.000
29.44689 125.000
29.46709 94.000
29.48729 115.000
29.50748 114.000
29.52768 113.000
29.54787 99.000
29.56807 124.000
29.58827 106.000
29.60846 127.000
29.62866 114.000
29.64886 94.000
29.66905 109.000
29.68925 124.000
29.70945 127.000
29.72964 149.000
29.74984 148.000
29.77004 144.000
29.79023 132.000
29.81043 126.000
29.83063 129.000
29.85082 153.000
29.87102 156.000
29.89122 162.000
29.91141 137.000
29.93161 149.000
29.95181 198.000
29.97200 221.000
29.99220 260.000
30.01240 319.000
30.03259 373.000
30.05279 520.000
30.07298 585.000
30.09318 601.000
30.11338 466.000
30.13357 439.000
30.15377 357.000
30.17397 291.000
30.19416 216.000
30.21436 194.000
30.23456 140.000
30.25475 128.000
30.27495 111.000
30.29515 122.000
30.31534 108.000
30.33554 107.000
30.35574 107.000
30.37593 109.000
30.39613 126.000
30.41633 111.000
30.43652 119.000
30.45672 112.000
30.47692 128.000
30.49711 113.000
30.51731 118.000
30.53750 107.000
30.55770 106.000
30.57790 126.000
30.59809 140.000
30.61829 162.000
30.63849 166.000
30.65868 195.000
30.67888 187.000
30.69908 164.000
30.71927 145.000
30.73947 172.000
30.75967 139.000
30.77986 123.000
30.80006 145.000
30.82026 129.000
30.84045 135.000
30.86065 124.000
30.88085 123.000
30.90104 129.000
30.92124 136.000
30.94144 148.000
30.96163 151.000
30.98183 162.000
31.00203 147.000
31.02222 129.000
31.04242 211.000
31.06261 236.000
31.08281 246.000
31.10301 294.000
31.12320 300.000
31.14340 275.000
31.16360 258.000
31.18379 257.000
31.20399 213.000
31.22419 178.000
31.24438 172.000
31.26458 149.000
31.28478 135.000
31.30497 143.000
31.32517 146.000
31.34537 109.000
31.36556 102.000
31.38576 104.000
31.40596 91.000
31.42615 117.000
31.44635 105.000
31.46655 112.000
31.48674 112.000
31.50694 110.000
31.52713 113.000
31.54733 112.000
31.56753 125.000
31.58772 92.000
31.60792 101.000
31.62812 105.000
31.64831 98.000
31.66851 113.000
31.68871 95.000
31.70890 103.000
31.72910 97.000
31.74930 105.000
31.76949 110.000
31.78969 104.000
31.80989 97.000
31.83008 111.000
31.85028 89.000
31.87048 103.000
31.89067 91.000
31.91087 96.000
31.93107 102.000
31.95126 126.000
31.97146 93.000
31.99166 106.000
32.01185 102.000
32.03205 108.000
32.05224 89.000
32.07244 100.000
32.09264 75.000
32.11283 95.000
32.13303 93.000
32.15323 112.000
32.17342 97.000
32.19362 108.000
32.21382 116.000
32.23401 97.000
32.25421 86.000
32.27441 110.000
32.29460 105.000
32.31480 94.000
32.33500 89.000
32.35519 79.000
32.37539 80.000
32.39559 93.000
32.41578 97.000
32.43598 93.000
32.45618 108.000
32.47637 86.000
32.49657 82.000
32.51676 93.000
32.53696 97.000
32.55716 105.000
32.57735 89.000
32.59755 80.000
32.61775 90.000
32.63794 82.000
32.65814 91.000
32.67834 105.000
32.69853 90.000
32.71873 110.000
32.73893 91.000
32.75912 81.000
32.77932 82.000
32.79952 101.000
32.81971 89.000
32.83991 91.000
32.86011 105.000
32.88030 95.000
32.90050 90.000
32.92070 86.000
32.94089 98.000
32.96109 108.000
32.98129 92.000
33.00148 102.000
33.02168 93.000
33.04187 93.000
33.06207 88.000
33.08227 98.000
33.10246 100.000
33.12266 104.000
33.14286 86.000
33.16305 108.000
33.18325 99.000
33.20345 103.000
33.22364 107.000
33.24384 96.000
33.26404 109.000
33.28423 105.000
33.30443 111.000
33.32463 108.000
33.34482 120.000
33.36502 107.000
33.38522 112.000
33.40541 116.000
33.42561 108.000
33.44581 115.000
33.46600 133.000
33.48620 136.000
33.50639 120.000
33.52659 138.000
33.54679 147.000
33.56698 158.000
33.58718 154.000
33.60738 153.000
33.62757 168.000
33.64777 172.000
33.66797 256.000
33.68816 295.000
33.70836 365.000
33.72856 438.000
33.74875 431.000
33.76895 316.000
33.78915 288.000
33.80934 326.000
33.82954 322.000
33.84974 235.000
33.86993 173.000
33.89013 163.000
33.91033 168.000
33.93052 119.000
33.95072 135.000
33.97092 107.000
33.99111 95.000
34.01131 106.000
34.03150 99.000
34.05170 106.000
34.07190 100.000
34.09209 84.000
34.11229 107.000
34.13249 76.000
34.15268 69.000
34.17288 96.000
34.19308 74.000
34.21327 97.000
34.23347 101.000
34.25367 87.000
34.27386 94.000
34.29406 87.000
34.31426 101.000
34.33445 86.000
34.35465 95.000
34.37485 105.000
34.39504 86.000
34.41524 86.000
34.43544 72.000
34.45563 94.000
34.47583 74.000
34.49603 88.000
34.51622 73.000
34.53642 88.000
34.55661 102.000
34.57681 100.000
34.59701 73.000
34.61720 89.000
34.63740 90.000
34.65760 89.000
34.67779 80.000
34.69799 72.000
34.71819 74.000
34.73838 65.000
34.75858 85.000
34.77878 81.000
34.79897 106.000
34.81917 115.000
34.83937 86.000
34.85956 72.000
34.87976 102.000
34.89996 91.000
34.92015 78.000
34.94035 95.000
34.96055 108.000
34.98074 81.000
35.00094 118.000
35.02113 97.000
35.04133 110.000
35.06153 113.000
35.08172 126.000
35.10192 116.000
35.12212 105.000
35.14231 93.000
35.16251 98.000
35.18271 123.000
35.20290 110.000
35.22310 110.000
35.24330 91.000
35.26349 80.000
35.28369 108.000
35.30389 101.000
35.32408 82.000
35.34428 85.000
35.36448 103.000
35.38467 95.000
35.40487 96.000
35.42507 88.000
35.44526 75.000
35.46546 97.000
35.48566 88.000
35.50585 88.000
35.52605 100.000
35.54624 85.000
35.56644 97.000
35.58664 83.000
35.60683 90.000
35.62703 80.000
35.64723 115.000
35.66742 89.000
35.68762 100.000
35.70782 89.000
35.72801 81.000
35.74821 95.000
35.76841 90.000
35.78860 109.000
35.80880 92.000
35.82900 93.000
35.84919 76.000
35.86939 112.000
35.88959 93.000
35.90978 122.000
35.92998 111.000
35.95018 112.000
35.97037 105.000
35.99057 106.000
36.01076 118.000
36.03096 94.000
36.05116 110.000
36.07135 83.000
36.09155 81.000
36.11175 95.000
36.13194 76.000
36.15214 91.000
36.17234 94.000
36.19253 79.000
36.21273 94.000
36.23293 93.000
36.25312 61.000
36.27332 94.000
36.29352 78.000
36.31371 78.000
36.33391 96.000
36.35411 91.000
36.37430 95.000
36.39450 92.000
36.41470 79.000
36.43489 77.000
36.45509 69.000
36.47529 79.000
36.49548 78.000
36.51568 87.000
36.53587 86.000
36.55607 86.000
36.57627 83.000
36.59646 92.000
36.61666 88.000
36.63686 79.000
36.65705 80.000
36.67725 90.000
36.69745 90.000
36.71764 73.000
36.73784 96.000
36.75804 74.000
36.77823 96.000
36.79843 92.000
36.81863 97.000
36.83882 86.000
36.85902 77.000
36.87922 100.000
36.89941 72.000
36.91961 86.000
36.93981 88.000
36.96000 88.000
36.98020 85.000
37.00039 105.000
37.02059 70.000
37.04079 84.000
37.06098 98.000
37.08118 93.000
37.10138 75.000
37.12157 104.000
37.14177 105.000
37.16197 89.000
37.18216 87.000
37.20236 80.000
37.22256 102.000
37.24275 90.000
37.26295 89.000
37.28315 81.000
37.30334 96.000
37.32354 92.000
37.34374 73.000
37.36393 91.000
37.38413 91.000
37.40433 73.000
37.42452 77.000
37.44472 71.000
37.46492 94.000
37.48511 66.000
37.50531 87.000
37.52550 81.000
37.54570 83.000
37.56590 94.000
37.58609 104.000
37.60629 91.000
37.62649 91.000
37.64668 88.000
37.66688 97.000
37.68708 75.000
37.70727 87.000
37.72747 78.000
37.74767 90.000
37.76786 97.000
37.78806 80.000
37.80826 92.000
37.82845 94.000
37.84865 98.000
37.86885 100.000
37.88904 78.000
37.90924 98.000
37.92944 98.000
37.94963 99.000
37.96983 95.000
37.99002 88.000
38.01022 90.000
38.03042 124.000
38.05061 95.000
38.07081 97.000
38.09101 105.000
38.11120 102.000
38.13140 103.000
38.15160 113.000
38.17179 126.000
38.19199 136.000
38.21219 122.000
38.23238 126.000
38.25258 166.000
38.27278 141.000
38.29297 132.000
38.31317 148.000
38.33337 131.000
38.35356 130.000
38.37376 113.000
38.39396 125.000
38.41415 109.000
38.43435 99.000
38.45455 114.000
38.47474 101.000
38.49494 103.000
38.51513 120.000
38.53533 102.000
38.55553 86.000
38.57572 75.000
38.59592 101.000
38.61612 86.000
38.63631 83.000
38.65651 87.000
38.67671 78.000
38.69690 104.000
38.71710 115.000
38.73730 99.000
38.75749 131.000
38.77769 117.000
38.79789 99.000
38.81808 110.000
38.83828 118.000
38.85848 116.000
38.87867 116.000
38.89887 153.000
38.91907 100.000
38.93926 99.000
38.95946 85.000
38.97965 96.000
38.99985 85.000
39.02005 84.000
39.04024 98.000
39.06044 86.000
39.08064 91.000
39.10083 113.000
39.12103 105.000
39.14123 78.000
39.16142 102.000
39.18162 94.000
39.20182 91.000
39.22201 104.000
39.24221 98.000
39.26241 102.000
39.28260 83.000
39.30280 95.000
39.32300 85.000
39.34319 86.000
39.36339 83.000
39.38359 93.000
39.40378 78.000
39.42398 80.000
39.44418 86.000
39.46437 96.000
39.48457 87.000
39.50476 84.000
39.52496 87.000
39.54516 81.000
39.56535 99.000
39.58555 105.000
39.60575 94.000
39.62594 86.000
39.64614 90.000
39.66634 82.000
39.68653 74.000
39.70673 94.000
39.72693 93.000
39.74712 90.000
39.76732 69.000
39.78752 86.000
39.80771 84.000
39.82791 74.000
39.84811 85.000
39.86830 88.000
39.88850 88.000
39.90870 87.000
39.92889 76.000
39.94909 86.000
39.96928 102.000
39.98948 83.000
40.00968 81.000
40.02987 83.000
40.05007 86.000
40.07027 87.000
40.09046 86.000
40.11066 74.000
40.13086 88.000
40.15105 95.000
40.17125 85.000
40.19145 84.000
40.21164 91.000
40.23184 89.000
40.25204 73.000
40.27223 82.000
40.29243 80.000
40.31263 96.000
40.33282 89.000
40.35302 84.000
40.37322 73.000
40.39341 89.000
40.41361 89.000
40.43381 97.000
40.45400 89.000
40.47420 94.000
40.49439 95.000
40.51459 90.000
40.53479 111.000
40.55498 92.000
40.57518 84.000
40.59538 59.000
40.61557 97.000
40.63577 97.000
40.65597 88.000
40.67616 86.000
40.69636 95.000
40.71656 98.000
40.73675 91.000
40.75695 95.000
40.77715 92.000
40.79734 83.000
40.81754 98.000
40.83774 94.000
40.85793 84.000
40.87813 68.000
40.89833 104.000
40.91852 91.000
40.93872 80.000
40.95891 99.000
40.97911 100.000
40.99931 78.000
41.01950 77.000
41.03970 86.000
41.05990 69.000
41.08009 72.000
41.10029 100.000
41.12049 102.000
41.14068 89.000
41.16088 76.000
41.18108 87.000
41.20127 90.000
41.22147 89.000
41.24167 92.000
41.26186 105.000
41.28206 93.000
41.30226 99.000
41.32245 101.000
41.34265 108.000
41.36285 80.000
41.38304 84.000
41.40324 72.000
41.42344 97.000
41.44363 80.000
41.46383 93.000
41.48402 89.000
41.50422 79.000
41.52442 86.000
41.54461 71.000
41.56481 85.000
41.58501 87.000
41.60520 80.000
41.62540 94.000
41.64560 95.000
41.66579 90.000
41.68599 71.000
41.70619 89.000
41.72638 86.000
41.74658 87.000
41.76678 89.000
41.78697 92.000
41.80717 84.000
41.82737 91.000
41.84756 97.000
41.86776 89.000
41.88796 93.000
41.90815 92.000
41.92835 81.000
41.94854 82.000
41.96874 87.000
41.98894 103.000
42.00913 90.000
42.02933 90.000
42.04953 89.000
42.06972 105.000
42.08992 99.000
42.11012 92.000
42.13031 94.000
42.15051 77.000
42.17071 104.000
42.19090 91.000
42.21110 100.000
42.23130 105.000
42.25149 97.000
42.27169 92.000
42.29189 94.000
42.31208 98.000
42.33228 104.000
42.35248 104.000
42.37267 114.000
42.39287 125.000
42.41307 112.000
42.43326 140.000
42.45346 137.000
42.47365 156.000
42.49385 173.000
42.51405 157.000
42.53424 170.000
42.55444 190.000
42.57464 185.000
42.59483 233.000
42.61503 218.000
42.63523 231.000
42.65542 241.000
42.67562 245.000
42.69582 250.000
42.71601 236.000
42.73621 283.000
42.75641 256.000
42.77660 281.000
42.79680 276.000
42.81700 321.000
42.83719 334.000
42.85739 332.000
42.87759 379.000
42.89778 427.000
42.91798 485.000
42.93817 561.000
42.95837 670.000
42.97857 957.000
42.99876 1323.000
43.01896 1778.000
43.03916 2086.000
43.05935 1776.000
43.07955 1333.000
43.09975 1033.000
43.11994 1136.000
43.14014 1159.000
43.16034 1071.000
43.18053 829.000
43.20073 510.000
43.22093 372.000
43.24112 276.000
43.26132 212.000
43.28152 203.000
43.30171 175.000
43.32191 160.000
43.34211 154.000
43.36230 179.000
43.38250 155.000
43.40270 170.000
43.42289 134.000
43.44309 142.000
43.46328 139.000
43.48348 121.000
43.50368 139.000
43.52387 134.000
43.54407 129.000
43.56427 142.000
43.58446 130.000
43.60466 142.000
43.62486 131.000
43.64505 136.000
43.66525 170.000
43.68545 136.000
43.70564 164.000
43.72584 176.000
43.74604 166.000
43.76623 159.000
43.78643 149.000
43.80663 146.000
43.82682 131.000
43.84702 136.000
43.86722 124.000
43.88741 120.000
43.90761 135.000
43.92780 102.000
43.94800 126.000
43.96820 107.000
43.98839 103.000
44.00859 94.000
44.02879 109.000
44.04898 136.000
44.06918 111.000
44.08938 128.000
44.10957 127.000
44.12977 122.000
44.14997 133.000
44.17016 165.000
44.19036 159.000
44.21056 165.000
44.23075 171.000
44.25095 162.000
44.27115 184.000
44.29134 154.000
44.31154 170.000
44.33174 182.000
44.35193 156.000
44.37213 147.000
44.39233 178.000
44.41252 157.000
44.43272 167.000
44.45291 163.000
44.47311 168.000
44.49331 182.000
44.51350 188.000
44.53370 180.000
44.55390 193.000
44.57409 206.000
44.59429 230.000
44.61449 256.000
44.63468 258.000
44.65488 289.000
44.67508 274.000
44.69527 240.000
44.71547 198.000
44.73567 223.000
44.75586 183.000
44.77606 207.000
44.79626 198.000
44.81645 186.000
44.83665 177.000
44.85685 183.000
44.87704 184.000
44.89724 170.000
44.91743 178.000
44.93763 221.000
44.95783 166.000
44.97802 151.000
44.99822 130.000
45.01842 145.000
45.03861 178.000
45.05881 143.000
45.07901 135.000
45.09920 139.000
45.11940 132.000
45.13960 119.000
45.15979 100.000
45.17999 115.000
45.20019 115.000
45.22038 120.000
45.24058 117.000
45.26078 87.000
45.28097 98.000
45.30117 120.000
45.32137 122.000
45.34156 114.000
45.36176 105.000
45.38196 152.000
45.40215 124.000
45.42235 113.000
45.44254 126.000
45.46274 111.000
45.48294 112.000
45.50313 117.000
45.52333 109.000
45.54353 117.000
45.56372 103.000
45.58392 124.000
45.60412 109.000
45.62431 124.000
45.64451 102.000
45.66471 124.000
45.68490 123.000
45.70510 134.000
45.72530 143.000
45.74549 182.000
45.76569 174.000
45.78589 168.000
45.80608 183.000
45.82628 150.000
45.84648 141.000
45.86667 149.000
45.88687 125.000
45.90706 153.000
45.92726 131.000
45.94746 135.000
45.96765 115.000
45.98785 108.000
46.00805 105.000
46.02824 88.000
46.04844 100.000
46.06864 97.000
46.08883 94.000
46.10903 79.000
46.12923 90.000
46.14942 90.000
46.16962 104.000
46.18982 108.000
46.21001 100.000
46.23021 89.000
46.25041 96.000
46.27060 79.000
46.29080 96.000
46.31100 105.000
46.33119 101.000
46.35139 93.000
46.37159 91.000
46.39178 80.000
46.41198 90.000
46.43217 86.000
46.45237 89.000
46.47257 99.000
46.49276 98.000
46.51296 96.000
46.53316 82.000
46.55335 89.000
46.57355 97.000
46.59375 106.000
46.61394 69.000
46.63414 94.000
46.65434 88.000
46.67453 66.000
46.69473 82.000
46.71493 75.000
46.73512 86.000
46.75532 94.000
46.77552 93.000
46.79571 67.000
46.81591 86.000
46.83611 71.000
46.85630 76.000
46.87650 90.000
46.89669 112.000
46.91689 95.000
46.93709 79.000
46.95728 79.000
46.97748 92.000
46.99768 88.000
47.01787 105.000
47.03807 98.000
47.05827 78.000
47.07846 90.000
47.09866 85.000
47.11886 73.000
47.13905 95.000
47.15925 87.000
47.17945 88.000
47.19964 79.000
47.21984 98.000
47.24004 91.000
47.26023 88.000
47.28043 77.000
47.30063 99.000
47.32082 98.000
47.34102 74.000
47.36122 79.000
47.38141 91.000
47.40161 89.000
47.42180 88.000
47.44200 82.000
47.46220 89.000
47.48239 82.000
47.50259 89.000
47.52279 83.000
47.54298 83.000
47.56318 74.000
47.58338 99.000
47.60357 85.000
47.62377 84.000
47.64397 86.000
47.66416 92.000
47.68436 92.000
47.70456 87.000
47.72475 68.000
47.74495 95.000
47.76515 109.000
47.78534 91.000
47.80554 82.000
47.82574 65.000
47.84593 91.000
47.86613 93.000
47.88633 81.000
47.90652 76.000
47.92672 82.000
47.94691 79.000
47.96711 101.000
47.98731 76.000
48.00750 72.000
48.02770 93.000
48.04790 84.000
48.06809 88.000
48.08829 74.000
48.10849 104.000
48.12868 80.000
48.14888 91.000
48.16908 86.000
48.18927 86.000
48.20947 115.000
48.22967 100.000
48.24986 89.000
48.27006 100.000
48.29026 84.000
48.31045 84.000
48.33065 85.000
48.35085 102.000
48.37104 97.000
48.39124 98.000
48.41143 94.000
48.43163 91.000
48.45183 92.000
48.47202 106.000
48.49222 78.000
48.51242 89.000
48.53261 92.000
48.55281 96.000
48.57301 96.000
48.59320 105.000
48.61340 91.000
48.63360 116.000
48.65379 89.000
48.67399 80.000
48.69419 95.000
48.71438 89.000
48.73458 87.000
48.75478 101.000
48.77497 108.000
48.79517 90.000
48.81537 91.000
48.83556 100.000
48.85576 91.000
48.87596 96.000
48.89615 99.000
48.91635 68.000
48.93654 88.000
48.95674 79.000
48.97694 87.000
48.99713 77.000
49.01733 99.000
49.03753 93.000
49.05772 90.000
49.07792 82.000
49.09812 86.000
49.11831 94.000
49.13851 83.000
49.15871 77.000
49.17890 72.000
49.19910 82.000
49.21930 90.000
49.23949 85.000
49.25969 86.000
49.27989 95.000
49.30008 90.000
49.32028 81.000
49.34048 87.000
49.36067 89.000
49.38087 77.000
49.40106 77.000
49.42126 84.000
49.44146 75.000
49.46165 85.000
49.48185 92.000
49.50205 78.000
49.52224 78.000
49.54244 100.000
49.56264 73.000
49.58283 95.000
49.60303 79.000
49.62323 89.000
49.64342 87.000
49.66362 90.000
49.68382 87.000
49.70401 102.000
49.72421 77.000
49.74441 87.000
49.76460 96.000
49.78480 69.000
49.80500 102.000
49.82519 99.000
49.84539 98.000
49.86559 87.000
49.88578 70.000
49.90598 75.000
49.92617 83.000
49.94637 85.000
49.96657 82.000
49.98676 93.000
50.00696 83.000
50.02716 93.000
50.04735 95.000
50.06755 99.000
50.08775 119.000
50.10794 72.000
50.12814 89.000
50.14834 92.000
50.16853 112.000
50.18873 112.000
50.20893 106.000
50.22912 106.000
50.24932 112.000
50.26952 98.000
50.28971 101.000
50.30991 101.000
50.33011 114.000
50.35030 122.000
50.37050 108.000
50.39069 105.000
50.41089 121.000
50.43109 135.000
50.45128 107.000
50.47148 152.000
50.49168 132.000
50.51187 156.000
50.53207 169.000
50.55227 151.000
50.57246 149.000
50.59266 166.000
50.61286 183.000
50.63305 169.000
50.65325 169.000
50.67345 179.000
50.69364 205.000
50.71384 194.000
50.73404 197.000
50.75423 240.000
50.77443 217.000
50.79463 236.000
50.81482 238.000
50.83502 266.000
50.85522 348.000
50.87541 409.000
50.89561 536.000
50.91580 647.000
50.93600 851.000
50.95620 870.000
50.97639 698.000
50.99659 564.000
51.01679 443.000
51.03698 414.000
51.05718 451.000
51.07738 496.000
51.09757 472.000
51.11777 394.000
51.13797 299.000
51.15816 217.000
51.17836 174.000
51.19856 146.000
51.21875 140.000
51.23895 127.000
51.25915 143.000
51.27934 113.000
51.29954 114.000
51.31974 110.000
51.33993 99.000
51.36013 122.000
51.38032 110.000
51.40052 96.000
51.42072 99.000
51.44091 101.000
51.46111 105.000
51.48131 98.000
51.50150 96.000
51.52170 93.000
51.54190 95.000
51.56209 95.000
51.58229 84.000
51.60249 104.000
51.62268 80.000
51.64288 93.000
51.66308 101.000
51.68327 91.000
51.70347 100.000
51.72367 114.000
51.74386 98.000
51.76406 89.000
51.78426 105.000
51.80445 102.000
51.82465 98.000
51.84485 92.000
51.86504 92.000
51.88524 81.000
51.90543 98.000
51.92563 101.000
51.94583 86.000
51.96602 84.000
51.98622 90.000
52.00642 73.000
52.02661 83.000
52.04681 75.000
52.06701 87.000
52.08720 81.000
52.10740 99.000
52.12760 90.000
52.14779 96.000
52.16799 100.000
52.18819 80.000
52.20838 90.000
52.22858 85.000
52.24878 96.000
52.26897 86.000
52.28917 81.000
52.30937 103.000
52.32956 88.000
52.34976 84.000
52.36995 92.000
52.39015 89.000
52.41035 78.000
52.43054 88.000
52.45074 85.000
52.47094 94.000
52.49113 96.000
52.51133 111.000
52.53153 87.000
52.55172 92.000
52.57192 99.000
52.59212 99.000
52.61231 102.000
52.63251 80.000
52.65271 91.000
52.67290 91.000
52.69310 94.000
52.71330 92.000
52.73349 109.000
52.75369 97.000
52.77389 117.000
52.79408 90.000
52.81428 104.000
52.83448 94.000
52.85467 91.000
52.87487 94.000
52.89506 95.000
52.91526 99.000
52.93546 95.000
52.95565 99.000
52.97585 97.000
52.99605 77.000
53.01624 96.000
53.03644 101.000
53.05664 93.000
53.07683 94.000
53.09703 98.000
53.11723 117.000
53.13742 96.000
53.15762 122.000
53.17782 107.000
53.19801 96.000
53.21821 104.000
53.23841 96.000
53.25860 121.000
53.27880 132.000
53.29900 121.000
53.31919 143.000
53.33939 158.000
53.35958 168.000
53.37978 201.000
53.39998 186.000
53.42017 172.000
53.44037 139.000
53.46057 123.000
53.48076 138.000
53.50096 153.000
53.52116 150.000
53.54135 135.000
53.56155 131.000
53.58175 124.000
53.60194 101.000
53.62214 100.000
53.64234 102.000
53.66253 99.000
53.68273 106.000
53.70293 85.000
53.72312 102.000
53.74332 98.000
53.76352 87.000
53.78371 94.000
53.80391 98.000
53.82411 93.000
53.84430 78.000
53.86450 79.000
53.88469 94.000
53.90489 98.000
53.92509 79.000
53.94528 98.000
53.96548 88.000
53.98568 89.000
54.00587 83.000
54.02607 87.000
54.04627 74.000
54.06646 73.000
54.08666 88.000
54.10686 80.000
54.12705 96.000
54.14725 82.000
54.16745 96.000
54.18764 90.000
54.20784 94.000
54.22804 88.000
54.24823 81.000
54.26843 67.000
54.28863 81.000
54.30882 75.000
54.32902 93.000
54.34921 88.000
54.36941 91.000
54.38961 106.000
54.40980 83.000
54.43000 88.000
54.45020 89.000
54.47039 88.000
54.49059 87.000
54.51079 85.000
54.53098 94.000
54.55118 72.000
54.57138 75.000
54.59157 102.000
54.61177 105.000
54.63197 76.000
54.65216 92.000
54.67236 109.000
54.69256 96.000
54.71275 87.000
54.73295 88.000
54.75315 104.000
54.77334 97.000
54.79354 90.000
54.81374 86.000
54.83393 101.000
54.85413 112.000
54.87432 91.000
54.89452 116.000
54.91472 105.000
54.93491 122.000
54.95511 109.000
54.97531 126.000
54.99550 130.000
55.01570 125.000
55.03590 139.000
55.05609 148.000
55.07629 143.000
55.09649 116.000
55.11668 121.000
55.13688 125.000
55.15708 115.000
55.17727 128.000
55.19747 98.000
55.21767 131.000
55.23786 100.000
55.25806 109.000
55.27826 98.000
55.29845 90.000
55.31865 85.000
55.33884 100.000
55.35904 91.000
55.37924 99.000
55.39943 74.000
55.41963 75.000
55.43983 78.000
55.46002 100.000
55.48022 72.000
55.50042 94.000
55.52061 88.000
55.54081 96.000
55.56101 80.000
55.58120 89.000
55.60140 86.000
55.62160 90.000
55.64179 85.000
55.66199 79.000
55.68219 96.000
55.70238 76.000
55.72258 77.000
55.74278 81.000
55.76297 82.000
55.78317 85.000
55.80337 73.000
55.82356 75.000
55.84376 81.000
55.86395 84.000
55.88415 84.000
55.90435 81.000
55.92454 79.000
55.94474 93.000
55.96494 64.000
55.98513 67.000
56.00533 82.000
56.02553 72.000
56.04572 86.000
56.06592 92.000
56.08612 72.000
56.10631 74.000
56.12651 91.000
56.14671 83.000
56.16690 74.000
56.18710 89.000
56.20730 81.000
56.22749 76.000
56.24769 89.000
56.26789 79.000
56.28808 88.000
56.30828 80.000
56.32847 94.000
56.34867 84.000
56.36887 97.000
56.38906 83.000
56.40926 75.000
56.42946 92.000
56.44965 84.000
56.46985 89.000
56.49005 100.000
56.51024 73.000
56.53044 92.000
56.55064 81.000
56.57083 96.000
56.59103 76.000
56.61123 86.000
56.63142 69.000
56.65162 89.000
56.67182 81.000
56.69201 91.000
56.71221 100.000
56.73241 70.000
56.75260 83.000
56.77280 86.000
56.79300 91.000
56.81319 82.000
56.83339 90.000
56.85358 64.000
56.87378 93.000
56.89398 86.000
56.91417 88.000
56.93437 83.000
56.95457 75.000
56.97476 78.000
56.99496 88.000
57.01516 78.000
57.03535 72.000
57.05555 72.000
57.07575 102.000
57.09594 81.000
57.11614 86.000
57.13634 80.000
57.15653 87.000
57.17673 83.000
57.19693 80.000
57.21712 91.000
57.23732 83.000
57.25752 92.000
57.27771 77.000
57.29791 77.000
57.31810 82.000
57.33830 85.000
57.35850 86.000
57.37869 77.000
57.39889 95.000
57.41909 103.000
57.43928 74.000
57.45948 72.000
57.47968 84.000
57.49987 89.000
57.52007 85.000
57.54027 72.000
57.56046 89.000
57.58066 106.000
57.60086 76.000
57.62105 95.000
57.64125 99.000
57.66145 76.000
57.68164 83.000
57.70184 98.000
57.72204 86.000
57.74223 98.000
57.76243 85.000
57.78263 92.000
57.80282 87.000
57.82302 98.000
57.84321 92.000
57.86341 80.000
57.88361 80.000
57.90380 90.000
57.92400 79.000
57.94420 89.000
57.96439 89.000
57.98459 104.000
58.00479 110.000
58.02498 115.000
58.04518 104.000
58.06538 101.000
58.08557 86.000
58.10577 67.000
58.12597 84.000
58.14616 94.000
58.16636 85.000
58.18656 79.000
58.20675 83.000
58.22695 92.000
58.24715 91.000
58.26734 99.000
58.28754 91.000
58.30773 91.000
58.32793 84.000
58.34813 91.000
58.36832 91.000
58.38852 103.000
58.40872 98.000
58.42891 97.000
58.44911 102.000
58.46931 83.000
58.48950 82.000
58.50970 95.000
58.52990 100.000
58.55009 104.000
58.57029 84.000
58.59049 90.000
58.61068 86.000
58.63088 99.000
58.65108 102.000
58.67127 95.000
58.69147 84.000
58.71167 83.000
58.73186 88.000
58.75206 89.000
58.77226 92.000
58.79245 82.000
58.81265 82.000
58.83284 82.000
58.85304 75.000
58.87324 87.000
58.89343 84.000
58.91363 75.000
58.93383 95.000
58.95402 81.000
58.97422 92.000
58.99442 92.000
59.01461 83.000
59.03481 80.000
59.05501 74.000
59.07520 89.000
59.09540 90.000
59.11560 87.000
59.13579 82.000
59.15599 94.000
59.17619 84.000
59.19638 69.000
59.21658 83.000
59.23678 93.000
59.25697 76.000
59.27717 72.000
59.29736 70.000
59.31756 74.000
59.33776 78.000
59.35795 96.000
59.37815 77.000
59.39835 84.000
59.41854 70.000
59.43874 79.000
59.45894 76.000
59.47913 65.000
59.49933 106.000
59.51953 76.000
59.53972 69.000
59.55992 83.000
59.58012 97.000
59.60031 94.000
59.62051 70.000
59.64071 69.000
59.66090 59.000
59.68110 94.000
59.70130 87.000
59.72149 88.000
59.74169 83.000
59.76189 86.000
59.78208 95.000
59.80228 86.000
59.82247 95.000
59.84267 92.000
59.86287 70.000
59.88306 78.000
59.90326 87.000
59.92346 88.000
59.94365 97.000
59.96385 99.000
59.98405 85.000
60.00424 80.000
60.02444 106.000
60.04464 83.000
60.06483 84.000
60.08503 85.000
60.10523 88.000
60.12542 93.000
60.14562 87.000
60.16582 96.000
60.18601 86.000
60.20621 87.000
60.22641 100.000
60.24660 109.000
60.26680 91.000
60.28699 96.000
60.30719 97.000
60.32739 92.000
60.34758 92.000
60.36778 90.000
60.38798 96.000
60.40817 94.000
60.42837 82.000
60.44857 92.000
60.46876 80.000
60.48896 111.000
60.50916 97.000
60.52935 94.000
60.54955 87.000
60.56975 88.000
60.58994 84.000
60.61014 83.000
60.63034 96.000
60.65053 83.000
60.67073 117.000
60.69093 86.000
60.71112 95.000
60.73132 106.000
60.75152 100.000
60.77171 93.000
60.79191 80.000
60.81210 99.000
60.83230 97.000
60.85250 111.000
60.87269 92.000
60.89289 97.000
60.91309 109.000
60.93328 93.000
60.95348 110.000
60.97368 106.000
60.99387 102.000
61.01407 82.000
61.03427 96.000
61.05446 80.000
61.07466 87.000
61.09486 81.000
61.11505 77.000
61.13525 90.000
61.15545 99.000
61.17564 80.000
61.19584 103.000
61.21604 103.000
61.23623 89.000
61.25643 74.000
61.27663 87.000
61.29682 73.000
61.31702 75.000
61.33721 86.000
61.35741 103.000
61.37761 90.000
61.39780 81.000
61.41800 76.000
61.43820 76.000
61.45839 94.000
61.47859 89.000
61.49879 91.000
61.51898 75.000
61.53918 94.000
61.55938 97.000
61.57957 99.000
61.59977 94.000
61.61997 83.000
61.64016 96.000
61.66036 68.000
61.68056 93.000
61.70075 81.000
61.72095 92.000
61.74115 84.000
61.76134 84.000
61.78154 88.000
61.80173 101.000
61.82193 92.000
61.84213 91.000
61.86232 86.000
61.88252 88.000
61.90272 92.000
61.92291 91.000
61.94311 91.000
61.96331 107.000
61.98350 85.000
62.00370 94.000
62.02390 80.000
62.04409 105.000
62.06429 93.000
62.08449 117.000
62.10468 91.000
62.12488 119.000
62.14508 128.000
62.16527 119.000
62.18547 111.000
62.20567 120.000
62.22586 116.000
62.24606 144.000
62.26626 113.000
62.28645 124.000
62.30665 125.000
62.32684 127.000
62.34704 131.000
62.36724 125.000
62.38743 151.000
62.40763 188.000
62.42783 225.000
62.44802 212.000
62.46822 268.000
62.48842 317.000
62.50861 291.000
62.52881 244.000
62.54901 205.000
62.56920 161.000
62.58940 185.000
62.60960 167.000
62.62979 169.000
62.64999 180.000
62.67019 176.000
62.69038 166.000
62.71058 143.000
62.73078 126.000
62.75097 99.000
62.77117 122.000
62.79136 111.000
62.81156 97.000
62.83176 95.000
62.85195 109.000
62.87215 100.000
62.89235 90.000
62.91254 90.000
62.93274 91.000
62.95294 79.000
62.97313 96.000
62.99333 89.000
63.01353 77.000
63.03372 85.000
63.05392 83.000
63.07412 93.000
63.09431 80.000
63.11451 104.000
63.13471 71.000
63.15490 82.000
63.17510 89.000
63.19530 76.000
63.21549 75.000
63.23569 79.000
63.25589 87.000
63.27608 89.000
63.29628 87.000
63.31647 83.000
63.33667 75.000
63.35687 92.000
63.37706 95.000
63.39726 92.000
63.41746 68.000
63.43765 92.000
63.45785 96.000
63.47805 81.000
63.49824 75.000
63.51844 93.000
63.53864 77.000
63.55883 87.000
63.57903 83.000
63.59923 85.000
63.61942 89.000
63.63962 77.000
63.65982 69.000
63.68001 71.000
63.70021 84.000
63.72041 81.000
63.74060 78.000
63.76080 98.000
63.78099 90.000
63.80119 91.000
63.82139 84.000
63.84158 102.000
63.86178 81.000
63.88198 81.000
63.90217 107.000
63.92237 104.000
63.94257 82.000
63.96276 94.000
63.98296 101.000
64.00316 88.000
64.02335 85.000
64.04355 80.000
64.06375 83.000
64.08394 84.000
64.10414 99.000
64.12434 101.000
64.14453 91.000
64.16473 84.000
64.18493 82.000
64.20512 102.000
64.22532 93.000
64.24552 101.000
64.26571 106.000
64.28591 105.000
64.30610 97.000
64.32630 77.000
64.34650 101.000
64.36669 101.000
64.38689 80.000
64.40709 95.000
64.42728 100.000
64.44748 85.000
64.46768 95.000
64.48787 116.000
64.50807 97.000
64.52827 115.000
64.54846 104.000
64.56866 121.000
64.58886 123.000
64.60905 154.000
64.62925 160.000
64.64945 162.000
64.66964 152.000
64.68984 132.000
64.71004 120.000
64.73023 128.000
64.75043 135.000
64.77062 111.000
64.79082 116.000
64.81102 147.000
64.83121 137.000
64.85141 133.000
64.87161 110.000
64.89180 116.000
64.91200 97.000
64.93220 99.000
64.95239 107.000
64.97259 99.000
64.99279 89.000
65.01298 93.000
65.03318 101.000
65.05338 92.000
65.07357 68.000
65.09377 101.000
65.11397 87.000
65.13416 91.000
65.15436 80.000
65.17456 78.000
65.19475 103.000
65.21495 88.000
65.23515 98.000
65.25534 96.000
65.27554 89.000
65.29573 98.000
65.31593 100.000
65.33613 102.000
65.35632 113.000
65.37652 97.000
65.39672 91.000
65.41691 99.000
65.43711 93.000
65.45731 106.000
65.47750 93.000
65.49770 74.000
65.51790 86.000
65.53809 89.000
65.55829 92.000
65.57849 92.000
65.59868 81.000
65.61888 96.000
65.63908 84.000
65.65927 94.000
65.67947 84.000
65.69967 100.000
65.71986 90.000
65.74006 74.000
65.76025 84.000
65.78045 94.000
65.80065 92.000
65.82084 79.000
65.84104 94.000
65.86124 84.000
65.88143 91.000
65.90163 90.000
65.92183 94.000
65.94202 87.000
65.96222 103.000
65.98242 90.000
66.00261 88.000
66.02281 84.000
66.04301 83.000
66.06320 86.000
66.08340 94.000
66.10360 91.000
66.12379 89.000
66.14399 83.000
66.16419 101.000
66.18438 88.000
66.20458 110.000
66.22478 89.000
66.24497 95.000
66.26517 93.000
66.28536 98.000
66.30556 108.000
66.32576 79.000
66.34595 97.000
66.36615 82.000
66.38635 96.000
66.40654 80.000
66.42674 93.000
66.44694 91.000
66.46713 84.000
66.48733 74.000
66.50753 87.000
66.52772 85.000
66.54792 92.000
66.56812 94.000
66.58831 84.000
66.60851 83.000
66.62871 91.000
66.64890 82.000
66.66910 84.000
66.68930 82.000
66.70949 91.000
66.72969 90.000
66.74988 89.000
66.77008 92.000
66.79028 87.000
66.81047 89.000
66.83067 81.000
66.85087 81.000
66.87106 91.000
66.89126 88.000
66.91146 81.000
66.93165 87.000
66.95185 87.000
66.97205 87.000
66.99224 89.000
67.01244 92.000
67.03264 76.000
67.05283 67.000
67.07303 87.000
67.09323 107.000
67.11342 72.000
67.13362 80.000
67.15382 89.000
67.17401 89.000
67.19421 80.000
67.21441 96.000
67.23460 98.000
67.25480 74.000
67.27499 80.000
67.29519 84.000
67.31539 89.000
67.33558 97.000
67.35578 92.000
67.37598 83.000
67.39617 72.000
67.41637 80.000
67.43657 82.000
67.45676 86.000
67.47696 98.000
67.49716 94.000
67.51735 86.000
67.53755 82.000
67.55775 83.000
67.57794 75.000
67.59814 73.000
67.61834 82.000
67.63853 93.000
67.65873 84.000
67.67893 83.000
67.69912 84.000
67.71932 77.000
67.73951 76.000
67.75971 77.000
67.77991 85.000
67.80010 102.000
67.82030 83.000
67.84050 93.000
67.86069 90.000
67.88089 97.000
67.90109 96.000
67.92128 100.000
67.94148 106.000
67.96168 101.000
67.98187 77.000
68.00207 90.000
68.02227 86.000
68.04246 92.000
68.06266 98.000
68.08286 100.000
68.10305 94.000
68.12325 110.000
68.14345 88.000
68.16364 99.000
68.18384 79.000
68.20404 95.000
68.22423 78.000
68.24443 83.000
68.26462 83.000
68.28482 85.000
68.30502 133.000
68.32521 86.000
68.34541 87.000
68.36561 105.000
68.38580 121.000
68.40600 115.000
68.42620 84.000
68.44639 116.000
68.46659 115.000
68.48679 105.000
68.50698 124.000
68.52718 119.000
68.54738 125.000
68.56757 137.000
68.58777 132.000
68.60797 117.000
68.62816 121.000
68.64836 122.000
68.66856 138.000
68.68875 149.000
68.70895 149.000
68.72914 153.000
68.74934 192.000
68.76954 196.000
68.78973 260.000
68.80993 314.000
68.83013 363.000
68.85032 304.000
68.87052 322.000
68.89072 240.000
68.91091 187.000
68.93111 158.000
68.95131 168.000
68.97150 172.000
68.99170 203.000
69.01190 177.000
69.03209 209.000
69.05229 223.000
69.07249 169.000
69.09268 147.000
69.11288 137.000
69.13308 125.000
69.15327 80.000
69.17347 96.000
69.19367 107.000
69.21386 106.000
69.23406 95.000
69.25425 102.000
69.27445 113.000
69.29465 97.000
69.31484 107.000
69.33504 98.000
69.35524 113.000
69.37543 86.000
69.39563 98.000
69.41583 94.000
69.43602 84.000
69.45622 83.000
69.47642 102.000
69.49661 84.000
69.51681 79.000
69.53701 92.000
69.55720 100.000
69.57740 91.000
69.59760 94.000
69.61779 103.000
69.63799 98.000
69.65819 88.000
69.67838 84.000
69.69858 80.000
69.71877 81.000
69.73897 93.000
69.75917 98.000
69.77936 91.000
69.79956 93.000
69.81976 93.000
69.83995 84.000
69.86015 85.000
69.88035 84.000
69.90054 89.000
69.92074 83.000
69.94094 96.000
69.96113 83.000
69.98133 91.000
70.00153 86.000
70.02172 101.000
70.04192 78.000
70.06212 83.000
70.08231 87.000
70.10251 99.000
70.12271 93.000
70.14290 79.000
70.16310 112.000
70.18330 72.000
70.20349 90.000
70.22369 95.000
70.24388 103.000
70.26408 81.000
70.28428 95.000
70.30447 93.000
70.32467 96.000
70.34487 98.000
70.36506 87.000
70.38526 96.000
70.40546 94.000
70.42565 93.000
70.44585 91.000
70.46605 85.000
70.48624 86.000
70.50644 93.000
70.52664 83.000
70.54683 81.000
70.56703 109.000
70.58723 104.000
70.60742 88.000
70.62762 112.000
70.64782 103.000
70.66801 117.000
70.68821 98.000
70.70840 83.000
70.72860 92.000
70.74880 101.000
70.76899 102.000
70.78919 127.000
70.80939 126.000
70.82958 145.000
70.84978 169.000
70.86998 199.000
70.89017 163.000
70.91037 163.000
70.93057 144.000
70.95076 131.000
70.97096 115.000
70.99116 110.000
71.01135 111.000
71.03155 111.000
71.05175 119.000
71.07194 140.000
71.09214 143.000
71.11234 155.000
71.13253 128.000
71.15273 113.000
71.17293 111.000
71.19312 106.000
71.21332 108.000
71.23351 100.000
71.25371 108.000
71.27391 86.000
71.29410 86.000
71.31430 99.000
71.33450 95.000
71.35469 106.000
71.37489 102.000
71.39509 87.000
71.41528 94.000
71.43548 77.000
71.45568 91.000
71.47587 81.000
71.49607 82.000
71.51627 84.000
71.53646 108.000
71.55666 69.000
71.57686 86.000
71.59705 78.000
71.61725 84.000
71.63745 85.000
71.65764 83.000
71.67784 80.000
71.69803 72.000
71.71823 91.000
71.73843 82.000
71.75862 88.000
71.77882 77.000
71.79902 105.000
71.81921 89.000
71.83941 72.000
71.85961 81.000
71.87980 80.000
71.90000 85.000
71.92020 87.000
71.94039 76.000
71.96059 94.000
71.98079 97.000
72.00098 91.000
72.02118 88.000
72.04138 77.000
72.06157 87.000
72.08177 96.000
72.10197 76.000
72.12216 78.000
72.14236 83.000
72.16256 64.000
72.18275 84.000
72.20295 76.000
72.22314 73.000
72.24334 100.000
72.26354 84.000
72.28373 84.000
72.30393 90.000
72.32413 99.000
72.34432 97.000
72.36452 90.000
72.38472 94.000
72.40491 77.000
72.42511 79.000
72.44531 94.000
72.46550 102.000
72.48570 88.000
72.50590 79.000
72.52609 91.000
72.54629 92.000
72.56649 97.000
72.58668 106.000
72.60688 86.000
72.62708 96.000
72.64727 94.000
72.66747 107.000
72.68766 100.000
72.70786 91.000
72.72806 93.000
72.74825 92.000
72.76845 96.000
72.78865 104.000
72.80884 94.000
72.82904 120.000
72.84924 95.000
72.86943 109.000
72.88963 111.000
72.90983 101.000
72.93002 96.000
72.95022 100.000
72.97042 105.000
72.99061 103.000
73.01081 86.000
73.03101 86.000
73.05120 86.000
73.07140 103.000
73.09160 116.000
73.11179 108.000
73.13199 100.000
73.15219 108.000
73.17238 103.000
73.19258 93.000
73.21277 95.000
73.23297 72.000
73.25317 92.000
73.27336 80.000
73.29356 90.000
73.31376 82.000
73.33395 84.000
73.35415 106.000
73.37435 86.000
73.39454 84.000
73.41474 94.000
73.43494 75.000
73.45513 81.000
73.47533 91.000
73.49553 80.000
73.51572 87.000
73.53592 88.000
73.55612 92.000
73.57631 84.000
73.59651 69.000
73.61671 74.000
73.63690 73.000
73.65710 90.000
73.67729 70.000
73.69749 88.000
73.71769 70.000
73.73788 83.000
73.75808 96.000
73.77828 97.000
73.79847 80.000
73.81867 75.000
73.83887 78.000
73.85906 75.000
73.87926 80.000
73.89946 84.000
73.91965 80.000
73.93985 93.000
73.96005 80.000
73.98024 89.000
74.00044 76.000
74.02064 78.000
74.04083 91.000
74.06103 82.000
74.08123 74.000
74.10142 80.000
74.12162 80.000
74.14182 79.000
74.16201 94.000
74.18221 99.000
74.20240 77.000
74.22260 80.000
74.24280 81.000
74.26299 89.000
74.28319 85.000
74.30339 103.000
74.32358 96.000
74.34378 94.000
74.36398 80.000
74.38417 81.000
74.40437 94.000
74.42457 96.000
74.44476 99.000
74.46496 96.000
74.48516 81.000
74.50535 84.000
74.52555 98.000
74.54575 105.000
74.56594 84.000
74.58614 105.000
74.60634 90.000
74.62653 90.000
74.64673 72.000
74.66693 84.000
74.68712 93.000
74.70732 90.000
74.72751 86.000
74.74771 89.000
74.76791 99.000
74.78810 82.000
74.80830 98.000
74.82850 79.000
74.84869 98.000
74.86889 82.000
74.88909 82.000
74.90928 91.000
74.92948 107.000
74.94968 86.000
74.96987 94.000
74.99007 85.000
75.01027 95.000
75.03046 58.000
75.05066 75.000
75.07086 87.000
75.09105 81.000
75.11125 84.000
75.13145 70.000
75.15164 82.000
75.17184 92.000
75.19203 76.000
75.21223 74.000
75.23243 95.000
75.25262 87.000
75.27282 78.000
75.29302 97.000
75.31321 89.000
75.33341 103.000
75.35361 89.000
75.37380 89.000
75.39400 96.000
75.41420 80.000
75.43439 75.000
75.45459 90.000
75.47479 88.000
75.49498 101.000
75.51518 79.000
75.53538 82.000
75.55557 88.000
75.57577 72.000
75.59597 81.000
75.61616 96.000
75.63636 91.000
75.65656 88.000
75.67675 87.000
75.69695 79.000
75.71714 83.000
75.73734 89.000
75.75754 98.000
75.77773 92.000
75.79793 96.000
75.81813 92.000
75.83832 79.000
75.85852 108.000
75.87872 70.000
75.89891 89.000
75.91911 83.000
75.93931 91.000
75.95950 76.000
75.97970 92.000
75.99990 85.000
76.02009 92.000
76.04029 99.000
76.06049 98.000
76.08068 93.000
76.10088 94.000
76.12108 91.000
76.14127 108.000
76.16147 112.000
76.18166 90.000
76.20186 88.000
76.22206 97.000
76.24225 110.000
76.26245 95.000
76.28265 98.000
76.30284 98.000
76.32304 82.000
76.34324 88.000
76.36343 82.000
76.38363 84.000
76.40383 97.000
76.42402 97.000
76.44422 89.000
76.46442 99.000
76.48461 91.000
76.50481 87.000
76.52501 105.000
76.54520 86.000
76.56540 96.000
76.58560 110.000
76.60579 91.000
76.62599 108.000
76.64619 105.000
76.66638 97.000
76.68658 85.000
76.70677 85.000
76.72697 103.000
76.74717 96.000
76.76736 91.000
76.78756 99.000
76.80776 85.000
76.82795 99.000
76.84815 91.000
76.86835 97.000
76.88854 103.000
76.90874 79.000
76.92894 97.000
76.94913 102.000
76.96933 91.000
76.98953 102.000
77.00972 97.000
77.02992 95.000
77.05012 87.000
77.07031 99.000
77.09051 107.000
77.11071 80.000
77.13090 93.000
77.15110 80.000
77.17129 88.000
77.19149 93.000
77.21169 99.000
77.23188 106.000
77.25208 86.000
77.27228 82.000
77.29247 105.000
77.31267 88.000
77.33287 88.000
77.35306 87.000
77.37326 102.000
77.39346 95.000
77.41365 105.000
77.43385 88.000
77.45405 78.000
77.47424 89.000
77.49444 88.000
77.51464 97.000
77.53483 97.000
77.55503 84.000
77.57523 100.000
77.59542 95.000
77.61562 98.000
77.63582 101.000
77.65601 91.000
77.67621 84.000
77.69640 100.000
77.71660 90.000
77.73680 100.000
77.75699 87.000
77.77719 103.000
77.79739 106.000
77.81758 86.000
77.83778 86.000
77.85798 90.000
77.87817 90.000
77.89837 105.000
77.91857 102.000
77.93876 102.000
77.95896 78.000
77.97916 87.000
77.99935 88.000
78.01955 96.000
78.03975 105.000
78.05994 102.000
78.08014 102.000
78.10034 90.000
78.12053 94.000
78.14073 96.000
78.16092 99.000
78.18112 91.000
78.20132 90.000
78.22151 113.000
78.24171 118.000
78.26191 123.000
78.28210 106.000
78.30230 108.000
78.32250 127.000
78.34269 99.000
78.36289 124.000
78.38309 133.000
78.40328 120.000
78.42348 116.000
78.44368 132.000
78.46387 130.000
78.48407 118.000
78.50427 135.000
78.52446 142.000
78.54466 149.000
78.56486 149.000
78.58505 142.000
78.60525 177.000
78.62545 151.000
78.64564 149.000
78.66584 187.000
78.68603 187.000
78.70623 165.000
78.72643 175.000
78.74662 207.000
78.76682 221.000
78.78702 248.000
78.80721 280.000
78.82741 377.000
78.84761 388.000
78.86780 430.000
78.88800 392.000
78.90820 346.000
78.92839 288.000
78.94859 236.000
78.96879 198.000
78.98898 177.000
79.00918 221.000
79.02938 195.000
79.04957 220.000
79.06977 228.000
79.08997 290.000
79.11016 274.000
79.13036 210.000
79.15055 197.000
79.17075 196.000
79.19095 151.000
79.21114 142.000
79.23134 123.000
79.25154 118.000
79.27173 107.000
79.29193 110.000
79.31213 111.000
79.33232 113.000
79.35252 99.000
79.37272 105.000
79.39291 109.000
79.41311 92.000
79.43331 88.000
79.45350 96.000
79.47370 84.000
79.49390 82.000
79.51409 75.000
79.53429 80.000
79.55449 70.000
79.57468 98.000
79.59488 94.000
79.61508 107.000
79.63527 87.000
79.65547 80.000
79.67566 87.000
79.69586 91.000
79.71606 96.000
79.73625 105.000
79.75645 92.000
79.77665 90.000
79.79684 82.000
79.81704 99.000
79.83724 95.000
79.85743 80.000
79.87763 70.000
79.89783 82.000
79.91802 91.000
79.93822 96.000
79.95842 79.000
79.97861 76.000
79.99881 86.000
80.01901 83.000
80.03920 82.000
80.05940 102.000
80.07960 86.000
80.09979 92.000
80.11999 77.000
80.14018 86.000
80.16038 90.000
80.18058 81.000
80.20077 98.000
80.22097 81.000
80.24117 82.000
80.26136 98.000
80.28156 90.000
80.30176 86.000
80.32195 98.000
80.34215 96.000
80.36235 86.000
80.38254 92.000
80.40274 110.000
80.42294 97.000
80.44313 81.000
80.46333 96.000
80.48353 69.000
80.50372 95.000
80.52392 95.000
80.54412 114.000
80.56431 89.000
80.58451 96.000
80.60471 77.000
80.62490 86.000
80.64510 94.000
80.66529 93.000
80.68549 95.000
80.70569 104.000
80.72588 99.000
80.74608 108.000
80.76628 108.000
80.78647 101.000
80.80667 117.000
80.82687 107.000
80.84706 95.000
80.86726 90.000
80.88746 94.000
80.90765 106.000
80.92785 92.000
80.94805 97.000
80.96824 77.000
80.98844 101.000
81.00864 100.000
81.02883 96.000
81.04903 105.000
81.06923 116.000
81.08942 97.000
81.10962 99.000
81.12981 88.000
81.15001 105.000
81.17021 77.000
81.19040 86.000
81.21060 77.000
81.23080 88.000
81.25099 88.000
81.27119 74.000
81.29139 92.000
81.31158 83.000
81.33178 86.000
81.35198 90.000
81.37217 71.000
81.39237 67.000
81.41257 92.000
81.43276 86.000
81.45296 93.000
81.47316 104.000
81.49335 87.000
81.51355 87.000
81.53375 100.000
81.55394 82.000
81.57414 95.000
81.59434 97.000
81.61453 94.000
81.63473 100.000
81.65492 95.000
81.67512 103.000
81.69532 119.000
81.71551 104.000
81.73571 97.000
81.75591 96.000
81.77610 113.000
81.79630 102.000
81.81650 81.000
81.83669 95.000
81.85689 93.000
81.87709 106.000
81.89728 107.000
81.91748 102.000
81.93768 83.000
81.95787 106.000
81.97807 100.000
81.99827 99.000
82.01846 81.000
82.03866 107.000
82.05886 86.000
82.07905 78.000
82.09925 102.000
82.11944 102.000
82.13964 109.000
82.15984 83.000
82.18003 76.000
82.20023 89.000
82.22043 97.000
82.24062 102.000
82.26082 93.000
82.28102 87.000
82.30121 72.000
82.32141 86.000
82.34161 85.000
82.36180 96.000
82.38200 82.000
82.40220 92.000
82.42239 104.000
82.44259 83.000
82.46279 95.000
82.48298 86.000
82.50318 99.000
82.52338 91.000
82.54357 84.000
82.56377 91.000
82.58397 80.000
82.60416 95.000
82.62436 95.000
82.64455 95.000
82.66475 103.000
82.68495 79.000
82.70514 113.000
82.72534 107.000
82.74554 101.000
82.76573 93.000
82.78593 87.000
82.80613 102.000
82.82632 94.000
82.84652 107.000
82.86672 86.000
82.88691 122.000
82.90711 103.000
82.92731 89.000
82.94750 95.000
82.96770 84.000
82.98790 94.000
83.00809 100.000
83.02829 101.000
83.04849 100.000
83.06868 86.000
83.08888 84.000
83.10907 90.000
83.12927 111.000
83.14947 96.000
83.16966 67.000
83.18986 96.000
83.21006 84.000
83.23025 104.000
83.25045 92.000
83.27065 106.000
83.29084 78.000
83.31104 83.000
83.33124 94.000
83.35143 77.000
83.37163 99.000
83.39183 108.000
83.41202 78.000
83.43222 88.000
83.45242 95.000
83.47261 88.000
83.49281 98.000
83.51301 88.000
83.53320 96.000
83.55340 74.000
83.57360 95.000
83.59379 91.000
83.61399 74.000
83.63418 86.000
83.65438 86.000
83.67458 113.000
83.69477 97.000
83.71497 93.000
83.73517 106.000
83.75536 91.000
83.77556 76.000
83.79576 95.000
83.81595 85.000
83.83615 85.000
83.85635 77.000
83.87654 100.000
83.89674 100.000
83.91694 76.000
83.93713 95.000
83.95733 99.000
83.97753 92.000
83.99772 81.000
84.01792 78.000
84.03812 63.000
84.05831 93.000
84.07851 93.000
84.09870 108.000
84.11890 106.000
84.13910 92.000
84.15929 93.000
84.17949 95.000
84.19969 88.000
84.21988 105.000
84.24008 106.000
84.26028 104.000
84.28047 108.000
84.30067 84.000
84.32087 113.000
84.34106 110.000
84.36126 115.000
84.38146 104.000
84.40165 118.000
84.42185 122.000
84.44205 115.000
84.46224 123.000
84.48244 113.000
84.50264 131.000
84.52283 117.000
84.54303 108.000
84.56323 132.000
84.58342 138.000
84.60362 167.000
84.62381 180.000
84.64401 191.000
84.66421 213.000
84.68440 196.000
84.70460 246.000
84.72480 213.000
84.74499 211.000
84.76519 170.000
84.78539 167.000
84.80558 157.000
84.82578 132.000
84.84598 123.000
84.86617 168.000
84.88637 141.000
84.90657 148.000
84.92676 149.000
84.94696 154.000
84.96716 158.000
84.98735 161.000
85.00755 130.000
85.02775 117.000
85.04794 120.000
85.06814 104.000
85.08833 116.000
85.10853 77.000
85.12873 95.000
85.14892 100.000
85.16912 96.000
85.18932 82.000
85.20951 101.000
85.22971 84.000
85.24991 84.000
85.27010 75.000
85.29030 83.000
85.31050 78.000
85.33069 85.000
85.35089 79.000
85.37109 79.000
85.39128 97.000
85.41148 91.000
85.43168 97.000
85.45187 75.000
85.47207 90.000
85.49227 99.000
85.51246 94.000
85.53266 80.000
85.55286 72.000
85.57305 72.000
85.59325 86.000
85.61344 78.000
85.63364 82.000
85.65384 83.000
85.67403 95.000
85.69423 79.000
85.71443 97.000
85.73462 84.000
85.75482 72.000
85.77502 76.000
85.79521 90.000
85.81541 107.000
85.83561 77.000
85.85580 78.000
85.87600 94.000
85.89620 87.000
85.91639 104.000
85.93659 93.000
85.95679 80.000
85.97698 74.000
85.99718 92.000
86.01738 79.000
86.03757 79.000
86.05777 81.000
86.07796 99.000
86.09816 83.000
86.11836 83.000
86.13855 71.000
86.15875 82.000
86.17895 77.000
86.19914 75.000
86.21934 88.000
86.23954 76.000
86.25973 76.000
86.27993 78.000
86.30013 84.000
86.32032 78.000
86.34052 94.000
86.36072 76.000
86.38091 73.000
86.40111 89.000
86.42131 104.000
86.44150 81.000
86.46170 88.000
86.48190 94.000
86.50209 78.000
86.52229 110.000
86.54249 70.000
86.56268 75.000
86.58288 91.000
86.60307 95.000
86.62327 76.000
86.64347 86.000
86.66366 102.000
86.68386 91.000
86.70406 86.000
86.72425 101.000
86.74445 84.000
86.76465 89.000
86.78484 99.000
86.80504 105.000
86.82524 85.000
86.84543 87.000
86.86563 77.000
86.88583 74.000
86.90602 88.000
86.92622 95.000
86.94642 81.000
86.96661 82.000
86.98681 76.000
87.00701 99.000
87.02720 97.000
87.04740 92.000
87.06759 68.000
87.08779 86.000
87.10799 95.000
87.12818 89.000
87.14838 91.000
87.16858 98.000
87.18877 88.000
87.20897 100.000
87.22917 77.000
87.24936 78.000
87.26956 79.000
87.28976 95.000
87.30995 85.000
87.33015 88.000
87.35035 77.000
87.37054 84.000
87.39074 91.000
87.41094 92.000
87.43113 88.000
87.45133 92.000
87.47153 102.000
87.49172 65.000
87.51192 104.000
87.53212 95.000
87.55231 81.000
87.57251 101.000
87.59270 95.000
87.61290 74.000
87.63310 90.000
87.65329 72.000
87.67349 91.000
87.69369 89.000
87.71388 84.000
87.73408 82.000
87.75428 82.000
87.77447 93.000
87.79467 83.000
87.81487 78.000
87.83506 104.000
87.85526 80.000
87.87546 89.000
87.89565 89.000
87.91585 105.000
87.93605 88.000
87.95624 84.000
87.97644 89.000
87.99664 77.000
88.01683 97.000
88.03703 94.000
88.05723 79.000
88.07742 88.000
88.09762 95.000
88.11781 85.000
88.13801 84.000
88.15821 85.000
88.17840 77.000
88.19860 86.000
88.21880 82.000
88.23899 86.000
88.25919 85.000
88.27939 99.000
88.29958 95.000
88.31978 94.000
88.33998 89.000
88.36017 100.000
88.38037 96.000
88.40057 82.000
88.42076 95.000
88.44096 100.000
88.46116 96.000
88.48135 82.000
88.50155 99.000
88.52175 93.000
88.54194 116.000
88.56214 121.000
88.58233 120.000
88.60253 95.000
88.62273 97.000
88.64292 101.000
88.66312 90.000
88.68332 90.000
88.70351 97.000
88.72371 87.000
88.74391 95.000
88.76410 101.000
88.78430 97.000
88.80450 86.000
88.82469 93.000
88.84489 91.000
88.86509 108.000
88.88528 100.000
88.90548 106.000
88.92568 79.000
88.94587 88.000
88.96607 82.000
88.98627 86.000
89.00646 85.000
89.02666 89.000
89.04686 83.000
89.06705 94.000
89.08725 91.000
89.10744 99.000
89.12764 83.000
89.14784 96.000
89.16803 78.000
89.18823 103.000
89.20843 88.000
89.22862 78.000
89.24882 88.000
89.26902 100.000
89.28921 84.000
89.30941 87.000
89.32961 80.000
89.34980 87.000
89.37000 87.000
89.39020 84.000
89.41039 76.000
89.43059 84.000
89.45079 92.000
89.47098 85.000
89.49118 78.000
89.51138 78.000
89.53157 81.000
89.55177 86.000
89.57196 87.000
89.59216 85.000
89.61236 86.000
89.63255 83.000
89.65275 87.000
89.67295 109.000
89.69314 78.000
89.71334 79.000
89.73354 83.000
89.75373 84.000
89.77393 87.000
89.79413 79.000
89.81432 89.000
89.83452 82.000
89.85472 76.000
89.87491 76.000
89.89511 71.000
89.91531 79.000
89.93550 76.000
89.95570 89.000
89.97590 89.000
89.99609 76.000
